[0.22190143]
[0.22174253]
[0.22147743]
[0.22125849]
[0.22117941]
[0.22105181]
[0.22105478]
[0.221078]
[0.22115605]
[0.22123554]
[0.22125857]
[0.22127487]
[0.22123694]
[0.22132558]
[0.22141601]
[0.2213869]
[0.22148888]
[0.22156568]
[0.22161971]
[0.22151536]
[0.22138347]
[0.22126584]
[0.22114573]
[0.22087999]
[0.22069125]
[0.22043647]
[0.22006333]
[0.21975581]
[0.21940161]
[0.21907619]
[0.21883619]
[0.21863009]
[0.21836543]
[0.21812464]
[0.21792431]
[0.21759667]
[0.2174259]
[0.21721242]
[0.21703696]
[0.21687733]
[0.21673365]
[0.2166056]
[0.2164453]
[0.21628514]
[0.21608025]
[0.21583684]
[0.21565463]
[0.21549362]
[0.21534568]
[0.21513791]
[0.2149435]
[0.2147717]
[0.2144841]
[0.21427152]
[0.21409096]
[0.21390669]
[0.21368441]
[0.2134762]
[0.21328287]
[0.21310556]
[0.21300943]
[0.21281114]
[0.2125596]
[0.21213244]
[0.21165448]
[0.21124066]
[0.21078296]
[0.21047904]
[0.21015127]
[0.20991747]
[0.20964952]
[0.2091678]
[0.20856322]
[0.20810498]
[0.207741]
[0.20748714]
[0.20733486]
[0.2072831]
[0.20719951]
[0.20713149]
[0.20716546]
[0.20715852]
[0.20724942]
[0.20735039]
[0.20731185]
[0.20740509]
[0.20741338]
[0.20736451]
[0.2073015]
[0.20724495]
[0.20728569]
[0.20714556]
[0.20684706]
[0.20666052]
[0.20647031]
[0.2063479]
[0.20597577]
[0.20562293]
[0.20534623]
[0.20495135]
[0.20477857]
[0.20475258]
[0.20475821]
[0.2048709]
[0.20504759]
[0.20524822]
[0.2055278]
[0.20580684]
[0.20607933]
[0.20626695]
[0.20652919]
[0.20672394]
[0.20674717]
[0.20681031]
[0.20684633]
[0.20690428]
[0.2069457]
[0.20690052]
[0.20679691]
[0.20671915]
[0.20655878]
[0.20640217]
[0.20624284]
[0.20608479]
[0.20581064]
[0.20560206]
[0.2054091]
[0.20516922]
[0.20501825]
[0.20487542]
[0.20469533]
[0.20461039]
[0.20439996]
[0.20432834]
[0.20420642]
[0.20403232]
[0.20400484]
[0.20399807]
[0.20392795]
[0.20400238]
[0.20402016]
[0.20397745]
[0.2039988]
[0.20403893]
[0.2040689]
[0.20409827]
[0.20413505]
[0.20428893]
[0.20444481]
[0.20467314]
[0.2048886]
[0.20505045]
[0.20518]
[0.20536992]
[0.20549159]
[0.20564444]
[0.20585105]
[0.20599292]
[0.20610346]
[0.20621097]
[0.20637877]
[0.20646162]
[0.20659693]
[0.2065287]
[0.20599376]
[0.20556308]
[0.20523696]
[0.20505448]
[0.20482327]
[0.20468041]
[0.204699]
[0.2048059]
[0.20486023]
[0.20480709]
[0.20468263]
[0.2046148]
[0.20443282]
[0.20418839]
[0.20388186]
[0.20350762]
[0.20302342]
[0.20254178]
[0.20197693]
[0.20142563]
[0.20080514]
[0.20006244]
[0.19933446]
[0.19859397]
[0.1978273]
[0.19709523]
[0.19622095]
[0.1954777]
[0.19474883]
[0.19402374]
[0.19341205]
[0.1927513]
[0.19228277]
[0.19181514]
[0.19140749]
[0.19099905]
[0.19062982]
[0.19025101]
[0.1899768]
[0.18974303]
[0.18949114]
[0.1893258]
[0.18912797]
[0.1890214]
[0.18893261]
[0.18882124]
[0.18870898]
[0.18867843]
[0.18860154]
[0.18852153]
[0.18852895]
[0.18846066]
[0.18840669]
[0.18835633]
[0.18838246]
[0.1883487]
[0.1883248]
[0.18829204]
[0.1881969]
[0.1880463]
[0.18788593]
[0.18780167]
[0.18771587]
[0.18757544]
[0.18745069]
[0.18733232]
[0.18708494]
[0.18698125]
[0.18676049]
[0.18654063]
[0.18640544]
[0.1862206]
[0.18611313]
[0.18594815]
[0.18587013]
[0.18567754]
[0.18555862]
[0.18539557]
[0.18531416]
[0.18524273]
[0.18510897]
[0.18498428]
[0.1848128]
[0.18464781]
[0.18455522]
[0.18442698]
[0.18422477]
[0.18411228]
[0.184009]
[0.1839721]
[0.18395697]
[0.18387932]
[0.18388158]
[0.18388216]
[0.18397076]
[0.18405484]
[0.18415003]
[0.18429945]
[0.18444856]
[0.18453859]
[0.18468334]
[0.18482815]
[0.18496253]
[0.18507737]
[0.18512638]
[0.1852986]
[0.1854525]
[0.18559816]
[0.18572551]
[0.18597193]
[0.18615596]
[0.18625478]
[0.18633877]
[0.1864645]
[0.18658128]
[0.18675344]
[0.18684544]
[0.18699242]
[0.18713963]
[0.18701114]
[0.18699446]
[0.18696909]
[0.18693966]
[0.18691625]
[0.18693781]
[0.18696304]
[0.18699123]
[0.18702091]
[0.18684159]
[0.18673234]
[0.18676023]
[0.18672971]
[0.18682283]
[0.18692337]
[0.18702033]
[0.18712811]
[0.18722521]
[0.18731953]
[0.18750696]
[0.1876673]
[0.18775523]
[0.1878314]
[0.18789597]
[0.18794188]
[0.18804449]
[0.18807803]
[0.18810451]
[0.1881492]
[0.18811083]
[0.18811119]
[0.18818285]
[0.18823783]
[0.18829517]
[0.18841693]
[0.18860342]
[0.18872546]
[0.18877752]
[0.18887554]
[0.18890335]
[0.1889961]
[0.18901756]
[0.1890308]
[0.18897226]
[0.18896216]
[0.18889476]
[0.18888839]
[0.18875371]
[0.18862511]
[0.18848652]
[0.18827908]
[0.1881421]
[0.18795148]
[0.1874416]
[0.1868636]
[0.1863058]
[0.18571316]
[0.18513842]
[0.18467106]
[0.1841712]
[0.18372132]
[0.18292674]
[0.18191434]
[0.18098688]
[0.18017901]
[0.17935781]
[0.17861724]
[0.17794]
[0.17732753]
[0.17685162]
[0.17642967]
[0.17601155]
[0.17574917]
[0.17553516]
[0.17535616]
[0.17508803]
[0.1748418]
[0.17467254]
[0.17440832]
[0.17422631]
[0.17417736]
[0.17417316]
[0.17403708]
[0.17389427]
[0.17382814]
[0.17370512]
[0.17320381]
[0.17276312]
[0.17244959]
[0.17235065]
[0.1722268]
[0.17218266]
[0.17216136]
[0.1722225]
[0.17231543]
[0.17241569]
[0.17251068]
[0.17255904]
[0.17259283]
[0.17261332]
[0.17263092]
[0.17266212]
[0.1723037]
[0.17198627]
[0.17180197]
[0.17167518]
[0.17154326]
[0.17140205]
[0.1711839]
[0.17105293]
[0.17086564]
[0.1707578]
[0.17065875]
[0.17057703]
[0.17057441]
[0.17058647]
[0.1706181]
[0.17072006]
[0.17089148]
[0.17100272]
[0.17117538]
[0.17126495]
[0.17139117]
[0.1714866]
[0.17157233]
[0.17152056]
[0.17145632]
[0.17132701]
[0.17111735]
[0.17078431]
[0.17044035]
[0.17010294]
[0.16977914]
[0.1693378]
[0.16885242]
[0.16832568]
[0.16781722]
[0.16720626]
[0.16670297]
[0.16610369]
[0.16543381]
[0.16447337]
[0.16342121]
[0.16241302]
[0.16141468]
[0.16035162]
[0.15934585]
[0.15835005]
[0.15738358]
[0.15642974]
[0.15552868]
[0.1545483]
[0.15375206]
[0.1529719]
[0.15228193]
[0.15151419]
[0.15083633]
[0.15022005]
[0.1496107]
[0.1489249]
[0.14807379]
[0.14696078]
[0.14583048]
[0.14486358]
[0.14407246]
[0.143194]
[0.14248405]
[0.14185633]
[0.14130719]
[0.1408231]
[0.14041609]
[0.14005378]
[0.13966814]
[0.13891926]
[0.13807285]
[0.1373593]
[0.13686469]
[0.13651559]
[0.13631508]
[0.13618]
[0.1361077]
[0.13614403]
[0.13618468]
[0.13622765]
[0.1361317]
[0.13603245]
[0.13602106]
[0.13593364]
[0.13585277]
[0.13561486]
[0.13506003]
[0.13420446]
[0.13358115]
[0.13324736]
[0.1325273]
[0.13175064]
[0.13134122]
[0.1311366]
[0.1310608]
[0.1312685]
[0.13157563]
[0.1319799]
[0.13255008]
[0.13328908]
[0.13408314]
[0.13491318]
[0.13562343]
[0.13644363]
[0.1373016]
[0.13812472]
[0.13906784]
[0.1399104]
[0.14073043]
[0.14159681]
[0.1423056]
[0.14314552]
[0.14381175]
[0.14464633]
[0.14546824]
[0.14629783]
[0.1471337]
[0.14788462]
[0.1487164]
[0.14947355]
[0.15029196]
[0.15097094]
[0.1517726]
[0.15246819]
[0.153176]
[0.15381457]
[0.15446381]
[0.1551158]
[0.15570877]
[0.15619442]
[0.15666454]
[0.15709543]
[0.1575195]
[0.15789695]
[0.15822987]
[0.15858403]
[0.15878025]
[0.15899077]
[0.15911144]
[0.15919109]
[0.15925993]
[0.1593514]
[0.15937121]
[0.15931027]
[0.1593053]
[0.15928921]
[0.15920155]
[0.15911432]
[0.15903689]
[0.15882595]
[0.15848921]
[0.1577638]
[0.1571029]
[0.15656757]
[0.15605816]
[0.15560858]
[0.15526016]
[0.15503135]
[0.15491219]
[0.15483308]
[0.15484466]
[0.15482624]
[0.15489791]
[0.15497442]
[0.15473033]
[0.15422325]
[0.15363826]
[0.15291683]
[0.1521638]
[0.15169592]
[0.15139283]
[0.15134937]
[0.15147896]
[0.1517149]
[0.1519684]
[0.15229835]
[0.15259644]
[0.15281422]
[0.15308926]
[0.1532803]
[0.15346168]
[0.15321611]
[0.15258615]
[0.15191239]
[0.15142842]
[0.15119092]
[0.15122439]
[0.15120827]
[0.15118343]
[0.15139706]
[0.15175326]
[0.15210184]
[0.1525598]
[0.15307066]
[0.15369217]
[0.1542178]
[0.15472864]
[0.15539058]
[0.15596674]
[0.15663078]
[0.15723751]
[0.15781985]
[0.1583472]
[0.15879677]
[0.15916732]
[0.15953104]
[0.15980193]
[0.16009806]
[0.16027254]
[0.1604665]
[0.16076718]
[0.16090815]
[0.16102302]
[0.16110528]
[0.16111983]
[0.1611206]
[0.16102241]
[0.16099115]
[0.16087829]
[0.16071145]
[0.16060866]
[0.16038367]
[0.16016267]
[0.15994896]
[0.15973815]
[0.15961416]
[0.15949853]
[0.1593443]
[0.15925816]
[0.15910746]
[0.159052]
[0.1589456]
[0.15884899]
[0.15876947]
[0.15863363]
[0.15851162]
[0.15832332]
[0.15815]
[0.15805607]
[0.15790047]
[0.15777119]
[0.1575857]
[0.15740745]
[0.15723848]
[0.15694535]
[0.15647183]
[0.15600128]
[0.15553609]
[0.15530239]
[0.155164]
[0.15507175]
[0.1549436]
[0.15490262]
[0.15482305]
[0.15462391]
[0.1541696]
[0.15389855]
[0.15363896]
[0.15341224]
[0.15320878]
[0.15295793]
[0.15272737]
[0.15251717]
[0.15249799]
[0.152518]
[0.15239196]
[0.1521949]
[0.15205945]
[0.15200777]
[0.1520492]
[0.15211093]
[0.15224972]
[0.15240046]
[0.15248738]
[0.15259685]
[0.15220341]
[0.15157147]
[0.15109783]
[0.15087348]
[0.15075956]
[0.15082489]
[0.15090974]
[0.1509928]
[0.15100811]
[0.15104377]
[0.1512414]
[0.15150529]
[0.15191148]
[0.15229754]
[0.15277684]
[0.15330167]
[0.15372886]
[0.15433095]
[0.15497108]
[0.15562822]
[0.15626225]
[0.1568251]
[0.15737478]
[0.15793371]
[0.15830533]
[0.15863143]
[0.15897742]
[0.15922913]
[0.1595056]
[0.15960471]
[0.15966491]
[0.15962054]
[0.15955816]
[0.15946732]
[0.15923657]
[0.1589475]
[0.15857024]
[0.15832208]
[0.15803084]
[0.15776078]
[0.1575128]
[0.15721594]
[0.15699773]
[0.15669456]
[0.15647176]
[0.15626375]
[0.15615423]
[0.15606125]
[0.15593861]
[0.15582915]
[0.15573953]
[0.15559609]
[0.15546012]
[0.15534592]
[0.1552461]
[0.15516035]
[0.15506579]
[0.15498833]
[0.15478696]
[0.15458898]
[0.15440486]
[0.15428811]
[0.15406951]
[0.15383579]
[0.15338187]
[0.1529391]
[0.15259868]
[0.1520627]
[0.15147993]
[0.15100904]
[0.15042983]
[0.14996888]
[0.14962788]
[0.14940737]
[0.14930421]
[0.14915796]
[0.14904003]
[0.1490378]
[0.14889656]
[0.14851399]
[0.14830495]
[0.14829524]
[0.14829998]
[0.14842327]
[0.14854868]
[0.14858323]
[0.14872362]
[0.14886379]
[0.14906725]
[0.14927016]
[0.14929396]
[0.14929697]
[0.14895655]
[0.14885217]
[0.14859594]
[0.14834861]
[0.14826797]
[0.14805298]
[0.1480387]
[0.14809474]
[0.14822334]
[0.14827634]
[0.14840643]
[0.14845532]
[0.14818461]
[0.14823522]
[0.14828692]
[0.1484968]
[0.14854214]
[0.14883552]
[0.14909945]
[0.14957254]
[0.15003349]
[0.14991796]
[0.14967822]
[0.14956394]
[0.14948355]
[0.14956655]
[0.1497503]
[0.15002571]
[0.15039755]
[0.15083809]
[0.15127663]
[0.1516482]
[0.15203115]
[0.15237445]
[0.15267795]
[0.15290602]
[0.15302876]
[0.15313624]
[0.15312774]
[0.15310389]
[0.15310739]
[0.15308829]
[0.15295134]
[0.15272121]
[0.15240209]
[0.15208705]
[0.15170456]
[0.15126015]
[0.1508362]
[0.150445]
[0.14994116]
[0.14954191]
[0.14902537]
[0.14845672]
[0.14793019]
[0.1474559]
[0.14710684]
[0.14672591]
[0.1462208]
[0.14583786]
[0.14549382]
[0.14519654]
[0.1449423]
[0.14472723]
[0.14453937]
[0.14430292]
[0.14409737]
[0.1439119]
[0.14390965]
[0.14393967]
[0.14397122]
[0.144027]
[0.14401075]
[0.1439125]
[0.1437335]
[0.14355047]
[0.14346576]
[0.14332312]
[0.14301531]
[0.14280136]
[0.14276448]
[0.14274043]
[0.14248265]
[0.14240178]
[0.14234002]
[0.14228816]
[0.14224494]
[0.14211124]
[0.14198886]
[0.14179562]
[0.14161487]
[0.14153717]
[0.14139687]
[0.14225583]
[0.14318728]
[0.14408942]
[0.14504498]
[0.14588316]
[0.14673296]
[0.14741851]
[0.14804077]
[0.14862406]
[0.14920677]
[0.149647]
[0.15002446]
[0.15049443]
[0.15092452]
[0.15130815]
[0.15149954]
[0.15172547]
[0.15144072]
[0.15129097]
[0.15110834]
[0.15069601]
[0.15045474]
[0.15045749]
[0.15056717]
[0.15060733]
[0.1506655]
[0.15095994]
[0.15133163]
[0.15184467]
[0.15232478]
[0.15284155]
[0.15331577]
[0.15381835]
[0.15423115]
[0.15469073]
[0.15504234]
[0.15534008]
[0.1556381]
[0.15589015]
[0.15606937]
[0.15625997]
[0.15633611]
[0.15638368]
[0.15635936]
[0.15638286]
[0.15637256]
[0.15635188]
[0.15631534]
[0.15621877]
[0.1561162]
[0.15595461]
[0.15572558]
[0.15543763]
[0.15514891]
[0.15488131]
[0.15457167]
[0.15426257]
[0.15388826]
[0.15354854]
[0.15322797]
[0.15294494]
[0.15269011]
[0.15247059]
[0.15234597]
[0.15216847]
[0.15209074]
[0.15195464]
[0.15184319]
[0.15182276]
[0.1518221]
[0.15183756]
[0.15194263]
[0.15197091]
[0.15207566]
[0.15210766]
[0.15205711]
[0.1520869]
[0.15203434]
[0.15205662]
[0.15199946]
[0.15201922]
[0.15203875]
[0.15197323]
[0.1518393]
[0.15169866]
[0.1515707]
[0.15144871]
[0.15101679]
[0.15075211]
[0.1505812]
[0.15081032]
[0.15145339]
[0.15221219]
[0.15293089]
[0.15376283]
[0.15460749]
[0.15549193]
[0.1563883]
[0.15724209]
[0.15802768]
[0.15874936]
[0.15941261]
[0.16001587]
[0.16055147]
[0.16102274]
[0.16156144]
[0.16201596]
[0.16239657]
[0.16252643]
[0.16250218]
[0.16240223]
[0.16207667]
[0.16186345]
[0.16187994]
[0.16200896]
[0.16224268]
[0.16294454]
[0.1640373]
[0.16546798]
[0.1668677]
[0.16768548]
[0.16808678]
[0.16835874]
[0.16854529]
[0.16903812]
[0.17000203]
[0.17141114]
[0.17331375]
[0.17783959]
[0.18489085]
[0.19405454]
[0.2052372]
[0.21442534]
[0.22158934]
[0.22706774]
[0.23183717]
[0.23565035]
[0.23825304]
[0.23947932]
[0.23927374]
[0.23837306]
[0.237404]
[0.23612541]
[0.2344983]
[0.23279953]
[0.23101808]
[0.22922896]
[0.22740425]
[0.22551318]
[0.22371383]
[0.22198954]
[0.2204674]
[0.2192394]
[0.21815917]
[0.21726833]
[0.21655579]
[0.2161434]
[0.21612896]
[0.21631517]
[0.21669151]
[0.21714833]
[0.21774521]
[0.21825927]
[0.2187274]
[0.21919583]
[0.21950854]
[0.21971549]
[0.2197615]
[0.21981753]
[0.21982737]
[0.21990702]
[0.21997617]
[0.21986584]
[0.21949647]
[0.21884044]
[0.21804142]
[0.21736486]
[0.21673496]
[0.21626918]
[0.21596766]
[0.2155658]
[0.21501662]
[0.21438457]
[0.21354495]
[0.21271336]
[0.21208386]
[0.21147592]
[0.2109368]
[0.21060069]
[0.2102553]
[0.21003218]
[0.20979327]
[0.20972574]
[0.2098294]
[0.21006621]
[0.21047951]
[0.21082342]
[0.21125658]
[0.21165536]
[0.21202572]
[0.21237978]
[0.21258165]
[0.2127239]
[0.21280408]
[0.21298878]
[0.21331558]
[0.21369173]
[0.2141463]
[0.21463661]
[0.2150053]
[0.21540032]
[0.21574894]
[0.21624927]
[0.21691045]
[0.21760006]
[0.21833582]
[0.22012953]
[0.22299428]
[0.22669168]
[0.23122399]
[0.23516619]
[0.23822533]
[0.24051867]
[0.24217719]
[0.24303417]
[0.24318446]
[0.24290952]
[0.2422827]
[0.24152313]
[0.2406015]
[0.23948012]
[0.23814398]
[0.23693159]
[0.23581162]
[0.23499542]
[0.234317]
[0.23363173]
[0.23276739]
[0.2317792]
[0.23082815]
[0.23001431]
[0.22932695]
[0.228803]
[0.22838078]
[0.22803578]
[0.22786002]
[0.2276661]
[0.22763816]
[0.22778507]
[0.22810201]
[0.22849981]
[0.2290151]
[0.22944237]
[0.22961484]
[0.22962894]
[0.22936718]
[0.22905777]
[0.22882557]
[0.22853637]
[0.22819825]
[0.22787271]
[0.22749431]
[0.22713529]
[0.22673784]
[0.22628593]
[0.22586955]
[0.22540425]
[0.22503059]
[0.22457068]
[0.22415169]
[0.22370432]
[0.22328544]
[0.22297423]
[0.22270153]
[0.22242041]
[0.22217283]
[0.22194012]
[0.22161819]
[0.22130801]
[0.22101565]
[0.2206891]
[0.22051163]
[0.22023872]
[0.22005866]
[0.21983297]
[0.2196983]
[0.2194431]
[0.21934994]
[0.21920784]
[0.21915321]
[0.21911141]
[0.21907265]
[0.21904513]
[0.21903549]
[0.21896687]
[0.2188361]
[0.21878816]
[0.21880619]
[0.21882933]
[0.2188007]
[0.21881811]
[0.21885715]
[0.218823]
[0.21886124]
[0.21895465]
[0.21913336]
[0.21922927]
[0.2193961]
[0.21954912]
[0.21976167]
[0.21990384]
[0.220165]
[0.22028835]
[0.22047085]
[0.22064659]
[0.2207325]
[0.22079316]
[0.22084026]
[0.22075544]
[0.22071172]
[0.2206609]
[0.2205511]
[0.22036341]
[0.2201005]
[0.21983121]
[0.21957973]
[0.21920179]
[0.21883664]
[0.21847956]
[0.21815445]
[0.21790057]
[0.21763052]
[0.21737635]
[0.21701832]
[0.21675478]
[0.21644925]
[0.21629526]
[0.21612065]
[0.21589266]
[0.21561776]
[0.21530269]
[0.21507494]
[0.21480857]
[0.214558]
[0.21432464]
[0.21412744]
[0.2138818]
[0.21358648]
[0.21336995]
[0.21309878]
[0.2128562]
[0.21256761]
[0.21231419]
[0.21200341]
[0.21178369]
[0.21150209]
[0.21131632]
[0.21116182]
[0.21097188]
[0.21074124]
[0.21051334]
[0.21017979]
[0.20979299]
[0.20948361]
[0.20912972]
[0.20893514]
[0.20864566]
[0.2083676]
[0.20805526]
[0.20776221]
[0.2074987]
[0.20719163]
[0.20691329]
[0.2065171]
[0.20621343]
[0.20579459]
[0.20552775]
[0.20523405]
[0.20491071]
[0.20467384]
[0.20441473]
[0.20424865]
[0.2039653]
[0.20383741]
[0.20358367]
[0.20349555]
[0.20336197]
[0.20325314]
[0.20315658]
[0.20313641]
[0.20307307]
[0.20308156]
[0.20305033]
[0.20301186]
[0.20292835]
[0.20288987]
[0.2027356]
[0.20265432]
[0.20276009]
[0.20288602]
[0.20294586]
[0.2030243]
[0.2030166]
[0.20302211]
[0.20293938]
[0.20299056]
[0.2031068]
[0.20322587]
[0.20333633]
[0.2035184]
[0.20368822]
[0.20386189]
[0.20409065]
[0.20425412]
[0.20439394]
[0.20447196]
[0.2044579]
[0.2042724]
[0.20420438]
[0.20407866]
[0.20388727]
[0.20370398]
[0.20352261]
[0.20329143]
[0.20304866]
[0.20274515]
[0.20252098]
[0.20225175]
[0.20179956]
[0.20142771]
[0.20107786]
[0.20061712]
[0.20012663]
[0.1997259]
[0.19936545]
[0.19898166]
[0.19864412]
[0.19831625]
[0.19789942]
[0.1974525]
[0.19702964]
[0.19669916]
[0.19634564]
[0.19602181]
[0.19560732]
[0.19520888]
[0.19478273]
[0.19440915]
[0.19411619]
[0.19378977]
[0.19344485]
[0.19306736]
[0.19276717]
[0.19243035]
[0.19206448]
[0.19172238]
[0.19140597]
[0.19106935]
[0.19069974]
[0.190351]
[0.1900175]
[0.18972017]
[0.18944977]
[0.18915893]
[0.18863253]
[0.18819396]
[0.18784072]
[0.18744409]
[0.18715097]
[0.18683366]
[0.1864884]
[0.18615887]
[0.18580048]
[0.18541093]
[0.18497999]
[0.18457298]
[0.18426149]
[0.18410674]
[0.1841525]
[0.1842616]
[0.1841722]
[0.18374738]
[0.18326439]
[0.18283387]
[0.1824274]
[0.18205895]
[0.18168025]
[0.18126808]
[0.18096513]
[0.18070668]
[0.18054551]
[0.18029645]
[0.18020707]
[0.18008505]
[0.18010874]
[0.18002857]
[0.17995666]
[0.17981912]
[0.17982523]
[0.17998245]
[0.18017785]
[0.18043125]
[0.18053918]
[0.18070216]
[0.18098417]
[0.18126796]
[0.18161225]
[0.18199675]
[0.182301]
[0.18251058]
[0.18277596]
[0.18299918]
[0.18327358]
[0.1835105]
[0.18374586]
[0.18395878]
[0.18402942]
[0.18405691]
[0.18404828]
[0.18402809]
[0.18392731]
[0.18383762]
[0.18366994]
[0.18348391]
[0.18330324]
[0.18312298]
[0.1829469]
[0.18273021]
[0.182534]
[0.1823414]
[0.18209992]
[0.18186446]
[0.18164624]
[0.18138246]
[0.18113597]
[0.18092443]
[0.18060105]
[0.18035571]
[0.18038526]
[0.1803862]
[0.18077801]
[0.18155475]
[0.18279073]
[0.18457602]
[0.18626173]
[0.18802285]
[0.18965776]
[0.19105656]
[0.19267167]
[0.19420241]
[0.19567256]
[0.19699459]
[0.1981605]
[0.199087]
[0.19983445]
[0.20042403]
[0.20083581]
[0.2010572]
[0.20114909]
[0.2009775]
[0.20081218]
[0.20052798]
[0.20012607]
[0.19955689]
[0.19899344]
[0.19848637]
[0.1980499]
[0.19772561]
[0.19724469]
[0.1965255]
[0.19565532]
[0.19465044]
[0.193724]
[0.19281687]
[0.19199307]
[0.19118819]
[0.190399]
[0.1896862]
[0.18893681]
[0.1882371]
[0.18767114]
[0.18704735]
[0.18649556]
[0.18600087]
[0.1855628]
[0.18511535]
[0.18470986]
[0.18435869]
[0.18393736]
[0.18355626]
[0.18308523]
[0.18257387]
[0.18209673]
[0.18164904]
[0.18130735]
[0.18094562]
[0.18061598]
[0.18033452]
[0.18014531]
[0.18004124]
[0.17991967]
[0.17988262]
[0.17980011]
[0.17973123]
[0.17968173]
[0.17964046]
[0.17960645]
[0.1795952]
[0.17952205]
[0.17946555]
[0.17935108]
[0.17923331]
[0.1791153]
[0.17879948]
[0.17855762]
[0.17832257]
[0.17816366]
[0.17775653]
[0.17735274]
[0.17703836]
[0.17680272]
[0.17660409]
[0.17643145]
[0.17621855]
[0.17596157]
[0.17565793]
[0.17537099]
[0.17498325]
[0.1746758]
[0.17452644]
[0.17433928]
[0.1742388]
[0.17405681]
[0.17400585]
[0.17390694]
[0.1738127]
[0.1737638]
[0.17372008]
[0.1736732]
[0.17356047]
[0.17338939]
[0.17322285]
[0.17313538]
[0.17300144]
[0.17281815]
[0.17263897]
[0.17248292]
[0.17232512]
[0.1719692]
[0.17156705]
[0.17091121]
[0.17047577]
[0.17011236]
[0.16979317]
[0.16950852]
[0.16919298]
[0.168843]
[0.16864793]
[0.16817234]
[0.16766013]
[0.16716693]
[0.16669188]
[0.16625829]
[0.16561182]
[0.16486561]
[0.16427787]
[0.16366948]
[0.16313156]
[0.1626453]
[0.16217117]
[0.16170904]
[0.16128124]
[0.16076991]
[0.16004287]
[0.15942164]
[0.15884879]
[0.15836827]
[0.15797938]
[0.15757726]
[0.15707698]
[0.15667607]
[0.15624802]
[0.15575539]
[0.15523891]
[0.1545701]
[0.15392713]
[0.15333161]
[0.15278737]
[0.1523809]
[0.15202431]
[0.15163736]
[0.15123151]
[0.1508163]
[0.15042488]
[0.14999034]
[0.14958386]
[0.14929281]
[0.14904688]
[0.14884989]
[0.14874797]
[0.14867717]
[0.14856108]
[0.14854957]
[0.14856412]
[0.14850157]
[0.14852548]
[0.14863397]
[0.14873488]
[0.14883591]
[0.14902462]
[0.14921182]
[0.14954726]
[0.14994559]
[0.15041067]
[0.15085058]
[0.15125327]
[0.15170191]
[0.15211698]
[0.1525441]
[0.15293632]
[0.15329786]
[0.15361851]
[0.15390803]
[0.1542384]
[0.15453134]
[0.15472509]
[0.15476377]
[0.15470988]
[0.15475076]
[0.15470882]
[0.15464033]
[0.15462686]
[0.1545432]
[0.1542645]
[0.15404065]
[0.15388486]
[0.15420878]
[0.15496467]
[0.15620121]
[0.15801392]
[0.16036178]
[0.16318505]
[0.16640203]
[0.17008403]
[0.17212878]
[0.1726865]
[0.17194732]
[0.17004158]
[0.16795468]
[0.16590261]
[0.16416647]
[0.1629412]
[0.16263749]
[0.16301964]
[0.16371994]
[0.1647164]
[0.16568138]
[0.166606]
[0.16744179]
[0.16826184]
[0.16898832]
[0.16961057]
[0.1700422]
[0.17033838]
[0.17046638]
[0.17034884]
[0.1699862]
[0.16945569]
[0.16900112]
[0.16855516]
[0.1681117]
[0.16764514]
[0.16688134]
[0.16593638]
[0.16482662]
[0.16335429]
[0.16197284]
[0.16066986]
[0.15927924]
[0.15800837]
[0.15672712]
[0.15543486]
[0.15396766]
[0.15209337]
[0.15028721]
[0.14878768]
[0.147345]
[0.14575444]
[0.14431283]
[0.14293621]
[0.14137766]
[0.14005972]
[0.13896587]
[0.13808918]
[0.13728797]
[0.13650256]
[0.13572699]
[0.13506265]
[0.13439353]
[0.1335697]
[0.13249868]
[0.1315348]
[0.13078092]
[0.13018027]
[0.12946282]
[0.12890193]
[0.1283454]
[0.12776355]
[0.12724526]
[0.12672997]
[0.126253]
[0.12581545]
[0.1253364]
[0.12491413]
[0.12462644]
[0.12430535]
[0.12462933]
[0.12548167]
[0.12688322]
[0.12876846]
[0.1299754]
[0.13051333]
[0.13038398]
[0.12968932]
[0.1291615]
[0.12892243]
[0.12878779]
[0.12881127]
[0.12876074]
[0.12846667]
[0.12795238]
[0.12732941]
[0.12652673]
[0.12563741]
[0.12469517]
[0.12369605]
[0.12281611]
[0.12196714]
[0.12122435]
[0.12051356]
[0.11990287]
[0.11938769]
[0.11887444]
[0.11849999]
[0.11833311]
[0.1187906]
[0.11992603]
[0.12170891]
[0.12403765]
[0.12686908]
[0.12974311]
[0.13255075]
[0.13509111]
[0.13759321]
[0.13963787]
[0.14144553]
[0.14290299]
[0.14393891]
[0.14474149]
[0.14522958]
[0.14540622]
[0.1453238]
[0.14498992]
[0.14450513]
[0.14369078]
[0.14265475]
[0.1412655]
[0.1397276]
[0.13798623]
[0.1361902]
[0.1345248]
[0.13276862]
[0.13130999]
[0.12994526]
[0.12880613]
[0.1278193]
[0.12698102]
[0.12544584]
[0.1241233]
[0.12284639]
[0.12121003]
[0.12003518]
[0.11914577]
[0.11830889]
[0.11750621]
[0.11690714]
[0.11648241]
[0.11614794]
[0.1159652]
[0.11566303]
[0.11526145]
[0.11504061]
[0.114861]
[0.11494689]
[0.11521782]
[0.11566389]
[0.1162693]
[0.11716489]
[0.11802916]
[0.11921586]
[0.12054212]
[0.12201838]
[0.12349427]
[0.1250381]
[0.1264591]
[0.12759045]
[0.12860534]
[0.12958021]
[0.130382]
[0.13109683]
[0.13153437]
[0.1318891]
[0.13206612]
[0.132009]
[0.13165249]
[0.13126779]
[0.1309266]
[0.13051386]
[0.13008694]
[0.12958321]
[0.12901182]
[0.12839659]
[0.1277338]
[0.12704529]
[0.12643078]
[0.12587167]
[0.1251972]
[0.12458968]
[0.12395748]
[0.12339913]
[0.12297619]
[0.1226941]
[0.12222881]
[0.12199204]
[0.12178745]
[0.12168694]
[0.12170295]
[0.12173856]
[0.12171505]
[0.12179034]
[0.12187728]
[0.12221631]
[0.12255462]
[0.1228786]
[0.12348785]
[0.1242935]
[0.12532112]
[0.12654585]
[0.12809302]
[0.12976444]
[0.13137549]
[0.13302232]
[0.13372388]
[0.13370459]
[0.1332065]
[0.13214703]
[0.13099223]
[0.12987348]
[0.1285446]
[0.12719378]
[0.1259605]
[0.1246295]
[0.12343871]
[0.12245693]
[0.12168539]
[0.12094241]
[0.11997572]
[0.11933659]
[0.11903473]
[0.1189931]
[0.11910377]
[0.11921273]
[0.11936315]
[0.11944226]
[0.11921471]
[0.11915462]
[0.11900849]
[0.11896726]
[0.11892942]
[0.11881175]
[0.11855838]
[0.11838975]
[0.11821926]
[0.11780766]
[0.11750367]
[0.11724974]
[0.11698778]
[0.1168059]
[0.11695935]
[0.11712539]
[0.11755798]
[0.11807187]
[0.118827]
[0.11983121]
[0.12085409]
[0.12199196]
[0.12297068]
[0.12354921]
[0.12406316]
[0.1246035]
[0.12506755]
[0.12547076]
[0.12584199]
[0.12606865]
[0.12624913]
[0.12622683]
[0.12616637]
[0.12605317]
[0.12585106]
[0.12554266]
[0.12523626]
[0.12475903]
[0.12428509]
[0.12375691]
[0.12325341]
[0.1227215]
[0.12226657]
[0.12176929]
[0.12138683]
[0.1209647]
[0.12050316]
[0.12000219]
[0.11963347]
[0.11930465]
[0.11903035]
[0.11862639]
[0.11825647]
[0.11792799]
[0.11763944]
[0.11738078]
[0.11716665]
[0.11697672]
[0.11681746]
[0.11659659]
[0.11607814]
[0.11566529]
[0.11520573]
[0.11485016]
[0.11461662]
[0.11433969]
[0.11417995]
[0.11411716]
[0.11399457]
[0.11389124]
[0.11373862]
[0.11376161]
[0.11371282]
[0.11310422]
[0.11308315]
[0.1137256]
[0.11485721]
[0.11653753]
[0.11850008]
[0.12041128]
[0.12252801]
[0.12468223]
[0.12684101]
[0.12891114]
[0.1309012]
[0.13270728]
[0.13441257]
[0.13595481]
[0.13716683]
[0.13814898]
[0.1392155]
[0.14032224]
[0.14152466]
[0.14237694]
[0.14321892]
[0.14392011]
[0.14456958]
[0.1452867]
[0.14586423]
[0.14643417]
[0.14701827]
[0.14786461]
[0.1488965]
[0.1499206]
[0.15105638]
[0.1521805]
[0.15337417]
[0.1547124]
[0.15604992]
[0.15734337]
[0.15853278]
[0.15954961]
[0.16054976]
[0.16137253]
[0.1622258]
[0.1629744]
[0.16372909]
[0.16444923]
[0.16716518]
[0.17193799]
[0.17845494]
[0.18651174]
[0.19169436]
[0.19391704]
[0.19353366]
[0.19083303]
[0.18763718]
[0.18418746]
[0.18061325]
[0.17702754]
[0.17364375]
[0.1705292]
[0.16793184]
[0.16575326]
[0.16390346]
[0.16233243]
[0.16095151]
[0.15984204]
[0.15891476]
[0.15829958]
[0.15798637]
[0.15788735]
[0.15790424]
[0.15813826]
[0.15844418]
[0.15883504]
[0.15929796]
[0.1597506]
[0.16023906]
[0.16063328]
[0.16100805]
[0.16133526]
[0.16155402]
[0.16180171]
[0.16201942]
[0.16228174]
[0.16244705]
[0.16258803]
[0.16275425]
[0.16288933]
[0.1629492]
[0.16299573]
[0.1630143]
[0.1630901]
[0.16309038]
[0.16307873]
[0.16306503]
[0.16304217]
[0.16302843]
[0.1630145]
[0.16300078]
[0.1629956]
[0.16298155]
[0.16284086]
[0.16269]
[0.16261323]
[0.1624781]
[0.16234012]
[0.16221005]
[0.16209738]
[0.16186546]
[0.16170318]
[0.16154318]
[0.161469]
[0.16147293]
[0.16142757]
[0.16145556]
[0.16136475]
[0.16127717]
[0.1611927]
[0.161049]
[0.16097297]
[0.16085656]
[0.1607434]
[0.16075452]
[0.16091235]
[0.16114494]
[0.16151206]
[0.16181831]
[0.16232462]
[0.1628746]
[0.16321667]
[0.16371216]
[0.16410945]
[0.16448529]
[0.1646915]
[0.1648779]
[0.16496456]
[0.16501896]
[0.16499123]
[0.16474016]
[0.16447668]
[0.16420105]
[0.16384359]
[0.16341333]
[0.1629902]
[0.16251004]
[0.16193916]
[0.16130808]
[0.16064155]
[0.16004099]
[0.15952218]
[0.15899982]
[0.15846227]
[0.15805073]
[0.15768412]
[0.15723684]
[0.1568923]
[0.15639667]
[0.15608571]
[0.15574154]
[0.15542899]
[0.155155]
[0.15504955]
[0.15490945]
[0.15493304]
[0.15499441]
[0.15514325]
[0.1554289]
[0.15571599]
[0.15599273]
[0.15639727]
[0.15679882]
[0.15723787]
[0.15765646]
[0.15806556]
[0.15843455]
[0.15885891]
[0.15916792]
[0.15945031]
[0.15982516]
[0.15997924]
[0.16008304]
[0.16016696]
[0.16021065]
[0.16011015]
[0.16004913]
[0.15990074]
[0.15975083]
[0.15960287]
[0.15931655]
[0.15910155]
[0.15895529]
[0.1589555]
[0.15884948]
[0.15869322]
[0.15860218]
[0.15865996]
[0.15866844]
[0.15860589]
[0.15857409]
[0.15854335]
[0.15832292]
[0.15809965]
[0.15802132]
[0.15787825]
[0.15781538]
[0.15776162]
[0.15746163]
[0.15737016]
[0.15734203]
[0.15738298]
[0.15742216]
[0.15749016]
[0.15757133]
[0.15764496]
[0.15776621]
[0.15789817]
[0.15803604]
[0.1582951]
[0.15861297]
[0.15894763]
[0.15926498]
[0.15948144]
[0.15981156]
[0.16011326]
[0.16045864]
[0.16087903]
[0.1612478]
[0.16158321]
[0.16188426]
[0.16209544]
[0.16221459]
[0.16230556]
[0.16243626]
[0.16247699]
[0.16243814]
[0.16232057]
[0.16211103]
[0.16182467]
[0.16141166]
[0.16100286]
[0.16048665]
[0.15996902]
[0.15934932]
[0.15868644]
[0.15797836]
[0.15723576]
[0.15660794]
[0.15590505]
[0.15532994]
[0.1550831]
[0.1549008]
[0.15489858]
[0.1549536]
[0.15498514]
[0.1549774]
[0.15504764]
[0.15512532]
[0.1550944]
[0.15505724]
[0.15496702]
[0.15486942]
[0.15478243]
[0.15462826]
[0.15441243]
[0.15412019]
[0.15373357]
[0.15337722]
[0.15295282]
[0.15244426]
[0.15196997]
[0.15151778]
[0.15103056]
[0.15051627]
[0.15005128]
[0.14969748]
[0.14930917]
[0.14897741]
[0.14867982]
[0.14841433]
[0.1480988]
[0.14781448]
[0.14756814]
[0.14735703]
[0.14709644]
[0.14694853]
[0.14665593]
[0.14639279]
[0.14615737]
[0.14594114]
[0.14549918]
[0.1451714]
[0.14503862]
[0.14476345]
[0.14458485]
[0.14451833]
[0.14446989]
[0.14435513]
[0.14425421]
[0.14409192]
[0.14394097]
[0.1437198]
[0.14351243]
[0.14324619]
[0.14274225]
[0.14244168]
[0.1423258]
[0.1421495]
[0.14199428]
[0.14188232]
[0.14193828]
[0.14198855]
[0.14182077]
[0.14157102]
[0.14140591]
[0.14141805]
[0.14145021]
[0.14149036]
[0.14138006]
[0.14127365]
[0.1413431]
[0.14141369]
[0.14157467]
[0.14183713]
[0.14215209]
[0.14235543]
[0.14279999]
[0.14330558]
[0.14394931]
[0.14454356]
[0.14526601]
[0.14596951]
[0.14654674]
[0.14722376]
[0.14790958]
[0.1486227]
[0.14927857]
[0.14988331]
[0.15041274]
[0.15086852]
[0.15111654]
[0.15146321]
[0.15176006]
[0.15209074]
[0.15231879]
[0.15256903]
[0.1527856]
[0.15296404]
[0.15312088]
[0.15324141]
[0.1532827]
[0.15338251]
[0.15338849]
[0.1533732]
[0.153268]
[0.15323944]
[0.15321188]
[0.1533417]
[0.1535225]
[0.15378782]
[0.15403676]
[0.15434664]
[0.1545658]
[0.15490593]
[0.1552881]
[0.1555287]
[0.15581042]
[0.15606984]
[0.15617914]
[0.1563976]
[0.15645911]
[0.15650718]
[0.15640771]
[0.15623352]
[0.1560995]
[0.15583284]
[0.15546829]
[0.15503636]
[0.1544389]
[0.15385646]
[0.15330325]
[0.1528788]
[0.15240543]
[0.15204881]
[0.15183112]
[0.1516455]
[0.15134104]
[0.15108337]
[0.15091397]
[0.15071055]
[0.15037511]
[0.15015432]
[0.14965071]
[0.14931588]
[0.14894135]
[0.14859308]
[0.14836264]
[0.1480924]
[0.14768167]
[0.14729665]
[0.14684899]
[0.14627865]
[0.14557195]
[0.14481853]
[0.1441158]
[0.14332084]
[0.14250113]
[0.14157106]
[0.14039105]
[0.13930364]
[0.1381235]
[0.13721658]
[0.13586871]
[0.1345943]
[0.13362159]
[0.13255101]
[0.13132906]
[0.1299065]
[0.1282065]
[0.1267875]
[0.125886]
[0.12544562]
[0.12532508]
[0.12479225]
[0.12403619]
[0.12309859]
[0.12178756]
[0.12039092]
[0.11889698]
[0.11749969]
[0.11610686]
[0.11486151]
[0.11370081]
[0.1126694]
[0.11177104]
[0.11108253]
[0.11035292]
[0.10957789]
[0.10907117]
