[0.21947794]
[0.21948104]
[0.21901865]
[0.21877845]
[0.21535763]
[0.21518928]
[0.21281531]
[0.21260199]
[0.20920128]
[0.20888525]
[0.20540173]
[0.2053776]
[0.20479873]
[0.20466925]
[0.20416577]
[0.20434467]
[0.20455895]
[0.204401]
[0.20227288]
[0.2022535]
[0.20302473]
[0.20319122]
[0.20428836]
[0.20391332]
[0.20218042]
[0.20182647]
[0.19334921]
[0.19261791]
[0.18744819]
[0.18732335]
[0.18657087]
[0.18653817]
[0.18472984]
[0.1845478]
[0.1828488]
[0.18272723]
[0.18262203]
[0.18271287]
[0.184519]
[0.18464299]
[0.18523376]
[0.18526106]
[0.18592666]
[0.18600945]
[0.1867919]
[0.18690848]
[0.1867859]
[0.18659487]
[0.17962898]
[0.17882828]
[0.17300075]
[0.1727295]
[0.1704904]
[0.17043684]
[0.1699421]
[0.16983144]
[0.1690446]
[0.16919623]
[0.1676432]
[0.16717066]
[0.15659061]
[0.15561186]
[0.14501008]
[0.14397196]
[0.13543585]
[0.13490291]
[0.13330086]
[0.1328239]
[0.13064854]
[0.13132249]
[0.141791]
[0.14259043]
[0.15208611]
[0.15272129]
[0.15689273]
[0.15693516]
[0.15341301]
[0.15303941]
[0.14949478]
[0.14921542]
[0.14944066]
[0.14907098]
[0.15236624]
[0.15293637]
[0.15847044]
[0.15860963]
[0.15735509]
[0.15722288]
[0.15550445]
[0.15537755]
[0.1523244]
[0.15212144]
[0.1496203]
[0.14953075]
[0.14847182]
[0.14850564]
[0.15330763]
[0.15391646]
[0.15690933]
[0.1566615]
[0.15346192]
[0.15333243]
[0.15158075]
[0.15137075]
[0.14668901]
[0.14663078]
[0.14667858]
[0.14670235]
[0.14573632]
[0.14575796]
[0.14730407]
[0.14751925]
[0.15046225]
[0.15050465]
[0.1457858]
[0.14532165]
[0.1416246]
[0.14162186]
[0.14026679]
[0.14017451]
[0.1422004]
[0.14294775]
[0.14886357]
[0.14883314]
[0.15035169]
[0.15083241]
[0.15385875]
[0.15384929]
[0.15090063]
[0.15062177]
[0.14942579]
[0.14946012]
[0.14863615]
[0.14839518]
[0.15642484]
[0.15709214]
[0.15999834]
[0.16061312]
[0.18160047]
[0.1900601]
[0.23820935]
[0.23638289]
[0.2147788]
[0.21471907]
[0.2183482]
[0.21833286]
[0.21081603]
[0.21018553]
[0.21033125]
[0.21069452]
[0.21535252]
[0.2160123]
[0.24296287]
[0.2422634]
[0.22891508]
[0.22819594]
[0.22804488]
[0.2277822]
[0.222795]
[0.22230038]
[0.21839705]
[0.2181691]
[0.2170455]
[0.21706112]
[0.21829252]
[0.21842243]
[0.21793678]
[0.2175845]
[0.213947]
[0.2136408]
[0.2103643]
[0.21013866]
[0.2067285]
[0.20642202]
[0.20259349]
[0.20231406]
[0.20112775]
[0.20099004]
[0.2016825]
[0.20183896]
[0.20162876]
[0.20139931]
[0.1967186]
[0.19630869]
[0.19146986]
[0.19115993]
[0.18661796]
[0.18626148]
[0.18266213]
[0.18260305]
[0.17848562]
[0.17847338]
[0.18008636]
[0.18038727]
[0.18211336]
[0.18197294]
[0.17927583]
[0.17896791]
[0.19197555]
[0.19340427]
[0.19813304]
[0.1975799]
[0.18837942]
[0.18762778]
[0.18101634]
[0.18054745]
[0.17789523]
[0.17784925]
[0.17545669]
[0.17520778]
[0.17233022]
[0.17222212]
[0.1706385]
[0.17029808]
[0.1649025]
[0.16444476]
[0.15677811]
[0.15623939]
[0.14984204]
[0.1494271]
[0.14609744]
[0.14603838]
[0.1491608]
[0.14957252]
[0.1520545]
[0.151987]
[0.16983093]
[0.16981246]
[0.1667342]
[0.16722609]
[0.1644715]
[0.16336657]
[0.14444879]
[0.14300655]
[0.12971853]
[0.12897947]
[0.12222445]
[0.12238053]
[0.12681846]
[0.1264305]
[0.11685287]
[0.11656372]
[0.14002463]
[0.14109273]
[0.13171759]
[0.1302039]
[0.11518007]
[0.11467071]
[0.11632144]
[0.11752188]
[0.1295033]
[0.1293219]
[0.12271176]
[0.12206981]
[0.11977652]
[0.12006468]
[0.13015573]
[0.12938221]
[0.11728125]
[0.11714363]
[0.11566979]
[0.11539862]
[0.12053103]
[0.1210863]
[0.12273438]
[0.12228481]
[0.11657141]
[0.11619287]
[0.11226694]
[0.11208676]
[0.11708888]
[0.11900823]
[0.1394279]
[0.1403596]
[0.15135594]
[0.15271601]
[0.18186021]
[0.1873491]
[0.163599]
[0.16199593]
[0.15797119]
[0.15838023]
[0.16083632]
[0.16084637]
[0.16014606]
[0.16001232]
[0.15867716]
[0.15856704]
[0.16224948]
[0.16247915]
[0.15869384]
[0.1580797]
[0.15262474]
[0.15244712]
[0.15613545]
[0.15647681]
[0.15683569]
[0.15667485]
[0.1554672]
[0.15539925]
[0.15571205]
[0.15600732]
[0.15990263]
[0.16006134]
[0.15520988]
[0.15456614]
[0.15230563]
[0.15221788]
[0.14790753]
[0.14752056]
[0.14387472]
[0.14366208]
[0.14125957]
[0.14101882]
[0.13913637]
[0.13914879]
[0.14247571]
[0.14310935]
[0.14950833]
[0.14977233]
[0.15085113]
[0.15109506]
[0.15381423]
[0.15369718]
[0.14905322]
[0.14877525]
[0.14466976]
[0.14415507]
[0.13213877]
[0.13107364]
[0.11777724]
[0.11645869]
[0.10614793]
[0.1059347]
[0.10672803]
[0.10672101]
[0.10245665]
[0.10202614]
[0.09860462]
[0.09922478]
[0.11466733]
[0.11539614]
[0.11702732]
[0.11643884]
[0.10552581]
[0.10457692]
[0.09709899]
[0.09691434]
[0.09636319]
[0.09615203]
[0.08802976]
[0.08735098]
[0.07892501]
[0.07928228]
[0.06923754]
[0.06894572]
[0.08004832]
[0.08131765]
[0.09656873]
[0.09862917]
[0.13127819]
[0.13277131]
[0.1342309]
[0.1337409]
[0.12725623]
[0.12691621]
[0.12764835]
[0.12768684]
[0.131457]
[0.13171974]
[0.13166964]
[0.13194041]
[0.13939105]
[0.14158021]
[0.16378696]
[0.1628143]
[0.15873864]
[0.15860309]
[0.15565543]
[0.15563281]
[0.15758197]
[0.1579865]
[0.16140038]
[0.16129436]
[0.16393608]
[0.16415487]
[0.16805725]
[0.1702214]
[0.18672934]
[0.18746637]
[0.20568387]
[0.2103438]
[0.23721443]
[0.23871808]
[0.2422348]
[0.24189898]
[0.23756601]
[0.23731919]
[0.23239295]
[0.23198041]
[0.22760572]
[0.22731036]
[0.22541113]
[0.22515179]
[0.22025958]
[0.21980743]
[0.21500154]
[0.21471049]
[0.21108161]
[0.21065892]
[0.20797355]
[0.20807193]
[0.2097526]
[0.2098565]
[0.21063866]
[0.21061577]
[0.20936127]
[0.20940301]
[0.20923452]
[0.20893113]
[0.20605122]
[0.20595306]
[0.20387791]
[0.20327993]
[0.19226493]
[0.19150446]
[0.18815036]
[0.18817411]
[0.18878731]
[0.18878351]
[0.18680981]
[0.18668173]
[0.18479325]
[0.18474208]
[0.18502606]
[0.18510395]
[0.18443635]
[0.18392645]
[0.17882068]
[0.1783702]
[0.17564373]
[0.17523466]
[0.16743565]
[0.16660066]
[0.16020854]
[0.16010122]
[0.15920584]
[0.15983436]
[0.16889599]
[0.16903953]
[0.16747484]
[0.16740276]
[0.17121822]
[0.17156662]
[0.17809048]
[0.17826143]
[0.19863394]
[0.1981291]
[0.19653273]
[0.19655728]
[0.19895738]
[0.198994]
[0.19710709]
[0.19682361]
[0.19389233]
[0.19383015]
[0.19406928]
[0.19415276]
[0.19266401]
[0.19237909]
[0.18954287]
[0.18940371]
[0.1884243]
[0.18832968]
[0.18533497]
[0.18506004]
[0.182633]
[0.18256222]
[0.1812758]
[0.18113656]
[0.18231948]
[0.18252377]
[0.18258561]
[0.18243244]
[0.17924862]
[0.17902146]
[0.17670539]
[0.17662577]
[0.17544411]
[0.17532213]
[0.17315227]
[0.17291448]
[0.17442332]
[0.17469731]
[0.17866404]
[0.17888115]
[0.18013085]
[0.17997749]
[0.1769435]
[0.17683882]
[0.17639159]
[0.17631924]
[0.17379005]
[0.17365532]
[0.17204155]
[0.17197421]
[0.17098533]
[0.17108995]
[0.17440909]
[0.1745607]
[0.17381439]
[0.17358382]
[0.17055678]
[0.17036267]
[0.16974573]
[0.17033596]
[0.1704611]
[0.17031507]
[0.1700365]
[0.17010532]
[0.16927871]
[0.1689606]
[0.16703813]
[0.16691448]
[0.16669159]
[0.16672505]
[0.16766359]
[0.1676227]
[0.16585238]
[0.16555922]
[0.16012548]
[0.15958355]
[0.15239573]
[0.15203473]
[0.14844443]
[0.14840262]
[0.14985777]
[0.15010662]
[0.15170927]
[0.15154523]
[0.14483616]
[0.14410467]
[0.13576789]
[0.13534047]
[0.13558055]
[0.13648693]
[0.14954141]
[0.1502067]
[0.15235569]
[0.15255076]
[0.15630694]
[0.15660964]
[0.15572582]
[0.15546428]
[0.15252224]
[0.15226965]
[0.14984874]
[0.14976622]
[0.14889608]
[0.14881134]
[0.15647267]
[0.15736763]
[0.16811177]
[0.16866772]
[0.17126808]
[0.17130075]
[0.16943498]
[0.16908494]
[0.16450189]
[0.16416569]
[0.15975843]
[0.159621]
[0.15986453]
[0.15998282]
[0.16227882]
[0.16284065]
[0.16426559]
[0.16431324]
[0.16524914]
[0.16536756]
[0.16345169]
[0.16314556]
[0.15986346]
[0.15960753]
[0.154613]
[0.15428807]
[0.15382]
[0.15399249]
[0.15777229]
[0.15915272]
[0.17162062]
[0.17223163]
[0.17414223]
[0.1740946]
[0.17108354]
[0.17069744]
[0.16673361]
[0.16655478]
[0.163345]
[0.1631047]
[0.15867947]
[0.15876828]
[0.157984]
[0.1579387]
[0.16113824]
[0.1619003]
[0.17387591]
[0.17437129]
[0.17578338]
[0.17562018]
[0.1748993]
[0.17502388]
[0.17875384]
[0.17923416]
[0.18042071]
[0.18003485]
[0.16778718]
[0.1664957]
[0.15387537]
[0.15319437]
[0.1461605]
[0.14590183]
[0.14315878]
[0.14310293]
[0.14103012]
[0.14053653]
[0.13357484]
[0.13381292]
[0.14370698]
[0.14429091]
[0.14484605]
[0.14475058]
[0.14468007]
[0.14469618]
[0.14189635]
[0.14116305]
[0.12415952]
[0.12251721]
[0.10064451]
[0.09892172]
[0.07579229]
[0.074309]
[0.06503076]
[0.06645175]
[0.10140289]
[0.10406537]
[0.13550447]
[0.13795614]
[0.1546739]
[0.15491845]
[0.15215258]
[0.1514831]
[0.14407896]
[0.14360844]
[0.13729568]
[0.13691573]
[0.12919886]
[0.12884028]
[0.13115606]
[0.13185509]
[0.14113419]
[0.14175624]
[0.14201562]
[0.14178659]
[0.13604619]
[0.13562207]
[0.12857382]
[0.12798254]
[0.11980455]
[0.11949885]
[0.11726068]
[0.11744262]
[0.12153903]
[0.12261483]
[0.13610852]
[0.13659431]
[0.13518716]
[0.13473962]
[0.12971978]
[0.12939532]
[0.12516278]
[0.12490942]
[0.13140805]
[0.13324079]
[0.14092827]
[0.14054585]
[0.14182897]
[0.14262562]
[0.15187761]
[0.15202752]
[0.14722876]
[0.14668109]
[0.1392347]
[0.13881339]
[0.13387863]
[0.13372256]
[0.13996878]
[0.14053811]
[0.14345926]
[0.14353125]
[0.14881396]
[0.14971168]
[0.15902251]
[0.15942718]
[0.1604528]
[0.16050895]
[0.16367482]
[0.16393693]
[0.16180871]
[0.16166754]
[0.16872804]
[0.168847]
[0.15776306]
[0.15630415]
[0.1390857]
[0.13777602]
[0.12213495]
[0.12108357]
[0.11144628]
[0.11104425]
[0.10439785]
[0.10320289]
[0.09576716]
[0.09689303]
[0.11466616]
[0.11675913]
[0.13253291]
[0.13314615]
[0.13618878]
[0.13657512]
[0.14134605]
[0.14143783]
[0.14021134]
[0.13988312]
[0.13178758]
[0.13097528]
[0.11690335]
[0.11583172]
[0.10565054]
[0.10543101]
[0.10499923]
[0.10504357]
[0.10834251]
[0.10860414]
[0.1035538]
[0.10215865]
[0.07545873]
[0.07299228]
[0.04321335]
[0.0410803]
[0.02415198]
[0.02310476]
[0.01848475]
[0.02114636]
[0.0814341]
[0.08604465]
[0.12557003]
[0.12722339]
[0.12975305]
[0.12895715]
[0.13337968]
[0.1335398]
[0.1290943]
[0.12849815]
[0.12048973]
[0.11936384]
[0.11435887]
[0.11700258]
[0.14389314]
[0.14580557]
[0.15798074]
[0.1581158]
[0.15284367]
[0.15225326]
[0.14480959]
[0.14417334]
[0.13857897]
[0.13843654]
[0.12787215]
[0.12667914]
[0.12263373]
[0.12347417]
[0.1457539]
[0.15176056]
[0.2079299]
[0.21119855]
[0.26168486]
[0.26286197]
[0.24400802]
[0.24293143]
[0.23808452]
[0.23741035]
[0.22619347]
[0.2252793]
[0.21733634]
[0.21695776]
[0.21903522]
[0.21931054]
[0.22313212]
[0.22326846]
[0.22328572]
[0.22334744]
[0.22161199]
[0.22138287]
[0.21985845]
[0.21991052]
[0.21966848]
[0.21945961]
[0.21104388]
[0.21017767]
[0.2006998]
[0.20027743]
[0.1955625]
[0.195255]
[0.19289623]
[0.1928146]
[0.19189367]
[0.1915967]
[0.19000648]
[0.1899375]
[0.189891]
[0.18971528]
[0.18652804]
[0.18640864]
[0.18618248]
[0.18607832]
[0.18124329]
[0.18056816]
[0.16851498]
[0.16744249]
[0.15459011]
[0.1537195]
[0.14564866]
[0.14594741]
[0.16408868]
[0.16543308]
[0.17304294]
[0.1733317]
[0.17835402]
[0.17858993]
[0.17694761]
[0.17659608]
[0.1733198]
[0.17311205]
[0.17075689]
[0.17051302]
[0.16699642]
[0.166835]
[0.16634545]
[0.16605918]
[0.16429472]
[0.16458698]
[0.16939203]
[0.1694544]
[0.1675467]
[0.16739051]
[0.16590175]
[0.16575943]
[0.1624176]
[0.16202153]
[0.18379264]
[0.1863362]
[0.20275635]
[0.20381807]
[0.20987695]
[0.20934595]
[0.20599954]
[0.2054788]
[0.20072922]
[0.20069143]
[0.19539303]
[0.19497497]
[0.19061522]
[0.1903524]
[0.18624134]
[0.18599293]
[0.18388723]
[0.18378565]
[0.18448696]
[0.18454291]
[0.18322888]
[0.1829002]
[0.17876233]
[0.1785141]
[0.17590012]
[0.17560862]
[0.17151783]
[0.17125008]
[0.16731508]
[0.16704832]
[0.1666381]
[0.16671495]
[0.16895786]
[0.16935292]
[0.1714381]
[0.1713266]
[0.16900235]
[0.16877441]
[0.16073172]
[0.15977533]
[0.15381588]
[0.15453131]
[0.16862886]
[0.1692401]
[0.1637917]
[0.1627463]
[0.15172772]
[0.15124594]
[0.14767013]
[0.14757894]
[0.14542393]
[0.14501137]
[0.13724716]
[0.13651212]
[0.13185172]
[0.13174918]
[0.13361406]
[0.13373826]
[0.13204029]
[0.13214889]
[0.13688256]
[0.1371662]
[0.13380699]
[0.13289668]
[0.11816764]
[0.11693552]
[0.10268365]
[0.10172738]
[0.0984829]
[0.0987877]
[0.10107408]
[0.10110262]
[0.18166424]
[0.18134443]
[0.17780103]
[0.17742072]
[0.16726758]
[0.1665629]
[0.19318114]
[0.19404225]
[0.17153777]
[0.17034104]
[0.16494966]
[0.16476558]
[0.1625805]
[0.16260783]
[0.16411246]
[0.16441531]
[0.16637431]
[0.1661994]
[0.16076303]
[0.16029833]
[0.1540514]
[0.15339014]
[0.14316267]
[0.14215246]
[0.1322226]
[0.13216548]
[0.13175125]
[0.13178442]
[0.13427137]
[0.13506316]
[0.14312802]
[0.14323589]
[0.13981341]
[0.13939269]
[0.13313875]
[0.13253495]
[0.12322677]
[0.12259044]
[0.11396535]
[0.11361056]
[0.11363605]
[0.11368532]
[0.11881965]
[0.11917435]
[0.12290422]
[0.12306018]
[0.12230472]
[0.12199999]
[0.11736967]
[0.11695369]
[0.11010754]
[0.10939153]
[0.10078623]
[0.10052555]
[0.09796776]
[0.09789312]
[0.11074939]
[0.11218225]
[0.11729078]
[0.11668131]
[0.10444804]
[0.10358526]
[0.09150679]
[0.09071694]
[0.08370107]
[0.08343059]
[0.0904218]
[0.09194401]
[0.10822519]
[0.10869473]
[0.10794552]
[0.10788386]
[0.11270548]
[0.1133619]
[0.11459499]
[0.11417853]
[0.11016114]
[0.10989447]
[0.10630693]
[0.10598326]
[0.09553905]
[0.09442291]
[0.07813979]
[0.07735893]
[0.09230686]
[0.09085355]
[0.08197686]
[0.08201503]
[0.11446892]
[0.12430809]
[0.11559762]
[0.11423039]
[0.14922692]
[0.15405577]
[0.180939]
[0.18062444]
[0.16989437]
[0.16926421]
[0.16482931]
[0.1644986]
[0.15945739]
[0.15916096]
[0.15497734]
[0.15454504]
[0.14817744]
[0.14755364]
[0.14160588]
[0.14135315]
[0.13719624]
[0.13725363]
[0.13831942]
[0.13888144]
[0.1447045]
[0.14484398]
[0.1427594]
[0.14242049]
[0.13811551]
[0.13775964]
[0.13061783]
[0.13005166]
[0.12296376]
[0.12239236]
[0.11546776]
[0.11517297]
[0.11893743]
[0.11987507]
[0.13061005]
[0.13091338]
[0.1289289]
[0.12859952]
[0.12439191]
[0.12394263]
[0.11647686]
[0.11594588]
[0.11000924]
[0.10990192]
[0.11121318]
[0.1115723]
[0.15474977]
[0.15786007]
[0.1582612]
[0.15826681]
[0.16083549]
[0.1595224]
[0.14889468]
[0.1484359]
[0.14192824]
[0.14156182]
[0.15242368]
[0.15596816]
[0.14403076]
[0.14320152]
[0.1392539]
[0.13997123]
[0.14047773]
[0.13971537]
[0.12393747]
[0.12271339]
[0.11018031]
[0.10947325]
[0.10296679]
[0.102971]
[0.10654407]
[0.10698529]
[0.11631572]
[0.11721627]
[0.12811899]
[0.12865646]
[0.13500889]
[0.13507618]
[0.1324692]
[0.13215685]
[0.12683909]
[0.12592103]
[0.107328]
[0.1056903]
[0.11075184]
[0.11533092]
[0.10296879]
[0.10156352]
[0.12129697]
[0.12210598]
[0.12640306]
[0.12630525]
[0.11414681]
[0.11265429]
[0.09455159]
[0.09349306]
[0.09711841]
[0.09804395]
[0.1120276]
[0.11238276]
[0.11649852]
[0.1171473]
[0.12698573]
[0.12748228]
[0.1260677]
[0.12575208]
[0.12321062]
[0.12300334]
[0.11660055]
[0.11579181]
[0.1055531]
[0.10478864]
[0.09630129]
[0.09592167]
[0.09809641]
[0.09866503]
[0.1068064]
[0.10717835]
[0.10602403]
[0.10572728]
[0.10212961]
[0.10191299]
[0.09507498]
[0.09441377]
[0.08486586]
[0.08413491]
[0.07757776]
[0.07757388]
[0.08152334]
[0.08213587]
[0.0935788]
[0.09430836]
[0.09832065]
[0.09831566]
[0.09431472]
[0.09372114]
[0.08515243]
[0.08446705]
[0.07756732]
[0.07700074]
[0.07340277]
[0.0731692]
[0.07484577]
[0.07550475]
[0.08828385]
[0.08922932]
[0.09890719]
[0.10068937]
[0.1475363]
[0.14840679]
[0.16527914]
[0.17135258]
[0.2370934]
[0.24256139]
[0.2704525]
[0.26726842]
[0.2343372]
[0.23337878]
[0.22384045]
[0.22228801]
[0.20449252]
[0.20340328]
[0.19517568]
[0.1947133]
[0.19115527]
[0.19106802]
[0.18939196]
[0.18913539]
[0.18054901]
[0.17960516]
[0.17171131]
[0.17143896]
[0.16825429]
[0.16802001]
[0.16455631]
[0.16425814]
[0.15856741]
[0.15805028]
[0.15526198]
[0.15534665]
[0.1567661]
[0.15673436]
[0.15870838]
[0.1594146]
[0.1681435]
[0.16823839]
[0.16025405]
[0.15937932]
[0.14896534]
[0.14833403]
[0.14164731]
[0.14111687]
[0.13375202]
[0.13358505]
[0.17729457]
[0.18234962]
[0.20405546]
[0.20342368]
[0.19986017]
[0.19941144]
[0.18808673]
[0.18782036]
[0.21460833]
[0.2141511]
[0.38094148]
[0.38639513]
[0.3824445]
[0.37861156]
[0.3202663]
[0.3151554]
[0.26380938]
[0.26099324]
[0.23420545]
[0.23297627]
[0.21740279]
[0.21648823]
[0.20735641]
[0.2079144]
[0.22720109]
[0.22817068]
[0.22964461]
[0.2296726]
[0.23280878]
[0.23302864]
[0.23422645]
[0.23418956]
[0.22997892]
[0.22918905]
[0.21386105]
[0.2127241]
[0.20139761]
[0.2008325]
[0.19392127]
[0.19347917]
[0.2040114]
[0.2051873]
[0.2118193]
[0.21162605]
[0.20861395]
[0.20850255]
[0.20212364]
[0.20153521]
[0.19699676]
[0.1972749]
[0.35082525]
[0.33587873]
[0.23729582]
[0.23814325]
[0.24361067]
[0.24212843]
[0.2193729]
[0.21823107]
[0.20824191]
[0.20753549]
[0.19965102]
[0.1991079]
[0.19319542]
[0.19288102]
[0.18873446]
[0.18834132]
[0.18481667]
[0.18461247]
[0.18180907]
[0.18142839]
[0.17103466]
[0.17020203]
[0.16392083]
[0.16374658]
[0.16144045]
[0.16124795]
[0.15771283]
[0.15734254]
[0.15303941]
[0.15285183]
[0.15044321]
[0.15047272]
[0.15209562]
[0.15201797]
[0.14365892]
[0.1428736]
[0.14152937]
[0.14193857]
[0.14134315]
[0.14089756]
[0.1361786]
[0.13611165]
[0.13889866]
[0.13901739]
[0.14177892]
[0.14276285]
[0.13782321]
[0.1376778]
[0.13747518]
[0.13775204]
[0.14142703]
[0.14145218]
[0.1373029]
[0.13692553]
[0.13234365]
[0.13184626]
[0.12700355]
[0.1266795]
[0.12388274]
[0.1238464]
[0.12785399]
[0.13458604]
[0.18690161]
[0.1853998]
[0.17000596]
[0.17038453]
[0.17211883]
[0.17146327]
[0.16280292]
[0.16209748]
[0.15697469]
[0.1565239]
[0.15150991]
[0.15114005]
[0.14714937]
[0.14680855]
[0.14442231]
[0.14517704]
[0.1881779]
[0.19689637]
[0.28456625]
[0.2805891]
[0.22848187]
[0.22796047]
[0.21879314]
[0.21747334]
[0.20222531]
[0.2014391]
[0.19382975]
[0.19346063]
[0.19010988]
[0.18980052]
[0.18490987]
[0.18456279]
[0.18069993]
[0.18038149]
[0.17632815]
[0.17597722]
[0.1721629]
[0.17190444]
[0.16808376]
[0.16784196]
[0.1656875]
[0.16572796]
[0.16537528]
[0.16532551]
[0.16294454]
[0.16295536]
[0.16072755]
[0.16057664]
[0.15723976]
[0.15696009]
[0.15262584]
[0.15261257]
[0.15502632]
[0.15528153]
[0.15105574]
[0.15044571]
[0.14528841]
[0.14509186]
[0.14370881]
[0.14393301]
[0.13795468]
[0.13760887]
[0.14108801]
[0.14096893]
[0.13526106]
[0.13463095]
[0.12752748]
[0.12727858]
[0.12792157]
[0.12817042]
[0.12994632]
[0.12985449]
[0.12374713]
[0.12282495]
[0.11055449]
[0.10964812]
[0.09990001]
[0.0995039]
[0.10333472]
[0.10371843]
[0.11023295]
[0.1103268]
[0.11014227]
[0.11012466]
[0.11350673]
[0.11393528]
[0.11620481]
[0.11617228]
[0.16727893]
[0.16731443]
[0.13040958]
[0.12870857]
[0.12232939]
[0.12207086]
[0.12112546]
[0.12106742]
[0.1202772]
[0.1203506]
[0.12226851]
[0.1223294]
[0.1223342]
[0.1226116]
[0.12079826]
[0.12053531]
[0.11577128]
[0.11547896]
[0.11085875]
[0.11049493]
[0.10831168]
[0.10823644]
[0.11024238]
[0.1105488]
[0.11493239]
[0.11498471]
[0.11461284]
[0.11429174]
[0.11153547]
[0.111323]
[0.32512784]
[0.35745373]
[0.28010568]
[0.27340528]
[0.23685588]
[0.23460323]
[0.19852613]
[0.19623388]
[0.17641798]
[0.1754821]
[0.1690145]
[0.16890515]
[0.165017]
[0.16462074]
[0.16037229]
[0.16007017]
[0.15219103]
[0.15164627]
[0.14624538]
[0.14650092]
[0.15157683]
[0.1518511]
[0.15025192]
[0.14952298]
[0.13681154]
[0.13613816]
[0.13111787]
[0.1307896]
[0.12525669]
[0.1250568]
[0.125414]
[0.12604222]
[0.13388997]
[0.1340758]
[0.13771422]
[0.13803011]
[0.13900441]
[0.13873468]
[0.12854551]
[0.12751932]
[0.11661771]
[0.11599498]
[0.11222623]
[0.11211421]
[0.10944879]
[0.10938037]
[0.10852345]
[0.10883529]
[0.11860947]
[0.1193039]
[0.1172652]
[0.11661575]
[0.10706671]
[0.10625313]
[0.09716564]
[0.09661632]
[0.09219528]
[0.09208344]
[0.09159096]
[0.09151365]
[0.09111439]
[0.091356]
[0.09569588]
[0.09589387]
[0.09522821]
[0.09508791]
[0.09256598]
[0.09226321]
[0.1495519]
[0.1498005]
[0.13729529]
[0.13755736]
[0.13863163]
[0.13811679]
[0.12922534]
[0.12885188]
[0.1251746]
[0.12476511]
[0.12002032]
[0.11973285]
[0.11475128]
[0.1142375]
[0.10777812]
[0.10728815]
[0.10223027]
[0.10191263]
[0.09784959]
[0.09764277]
[0.09709218]
[0.09729213]
[0.09944934]
[0.09944461]
[0.09748256]
[0.09732726]
[0.09557524]
[0.09545366]
[0.09214744]
[0.09163891]
[0.08659884]
[0.08665343]
[0.08569531]
[0.08559012]
[0.08432388]
[0.08439404]
[0.08393203]
[0.08370955]
[0.08049014]
[0.08024067]
[0.07605917]
[0.0757283]
[0.07000564]
[0.06940566]
[0.06598565]
[0.06606449]
[0.07135504]
[0.07208367]
[0.0807843]
[0.08136384]
[0.08402576]
[0.08370449]
[0.10712115]
[0.11349841]
[0.09990565]
[0.10131824]
[0.13226752]
[0.15210493]
[0.27210957]
[0.2626527]
[0.18689407]
[0.1867381]
[0.17656122]
[0.17482148]
[0.15511404]
[0.1540495]
[0.14521933]
[0.14479908]
[0.1391984]
[0.13864395]
[0.12983409]
[0.12929018]
[0.1229654]
[0.12238119]
[0.11835904]
[0.11801792]
[0.1122105]
[0.11202691]
[0.11736292]
[0.11776716]
[0.11756085]
[0.11707414]
[0.10978724]
[0.10928794]
[0.10609961]
[0.10594618]
[0.10317129]
[0.10291576]
[0.09894476]
[0.0991487]
[0.11379251]
[0.11548276]
[0.11838619]
[0.11799148]
[0.11463205]
[0.11545729]
[0.12548979]
[0.12568922]
[0.12152308]
[0.12106038]
[0.11881508]
[0.11881458]
[0.11786216]
[0.11782507]
[0.11563177]
[0.11517506]
[0.10794469]
[0.10747403]
[0.10297195]
[0.10267285]
[0.09907835]
[0.09870288]
[0.09524135]
[0.09491754]
[0.09457466]
[0.09467456]
[0.10486364]
[0.11282074]
[0.19688612]
[0.19548783]
[0.16290829]
[0.16226746]
[0.16150106]
[0.16085573]
[0.14804922]
[0.14722905]
[0.1384822]
[0.1380275]
[0.13310257]
[0.13271125]
[0.13161989]
[0.13167591]
[0.12830196]
[0.12790217]
[0.1213249]
[0.1207931]
[0.11219057]
[0.11159264]
[0.10448533]
[0.10392718]
[0.09889188]
[0.09887432]
[0.098498]
[0.09839993]
[0.09760098]
[0.09765237]
[0.09435105]
[0.09398039]
[0.08959413]
[0.08917733]
[0.08400023]
[0.08374971]
[0.08762412]
[0.08808567]
[0.09286781]
[0.09287371]
[0.09149136]
[0.09107411]
[0.08542028]
[0.08524531]
[0.09484857]
[0.09443285]
[0.09124]
[0.09119821]
[0.09504163]
[0.09641473]
[0.08844884]
[0.08785232]
[0.08348926]
[0.08343455]
[0.08110952]
[0.08102664]
[0.07992874]
[0.07993472]
[0.08280861]
[0.08314478]
[0.08090152]
[0.08054226]
[0.07552776]
[0.07518154]
[0.07283327]
[0.07281348]
[0.0722203]
[0.07206932]
[0.0701225]
[0.07020044]
[0.06931121]
[0.06909401]
[0.06381515]
[0.06304401]
[0.05228891]
[0.05153522]
[0.04713232]
[0.04713914]
[0.04793254]
[0.04824726]
[0.04470204]
[0.04485359]
[0.04508722]
[0.04542768]
[0.05015834]
[0.05064116]
[0.05352414]
[0.05341983]
[0.05133795]
[0.05122784]
[0.04908391]
[0.04882192]
[0.04691439]
[0.04696688]
[0.0447521]
[0.04461185]
[0.04449175]
[0.04479527]
[0.04927575]
[0.04954342]
[0.05031293]
[0.0504256]
[0.05002008]
[0.04986788]
[0.04675687]
[0.04646581]
[0.04355642]
[0.04343619]
[0.04235138]
[0.04223051]
[0.04239227]
[0.04275084]
[0.04970315]
[0.05005571]
[0.05193933]
[0.0520688]
[0.05193909]
[0.051819]
[0.04789208]
[0.04746062]
[0.04587236]
[0.04587323]
[0.04723235]
[0.04735654]
[0.04863872]
[0.04864379]
[0.04560612]
[0.04539478]
[0.05878904]
[0.05798339]
[0.21487229]
[0.21898137]
[0.20450315]
[0.20278047]
[0.18260752]
[0.1806346]
[0.1617423]
[0.16106214]
[0.15426563]
[0.15371309]
[0.14598511]
[0.14533524]
[0.13802104]
[0.13748027]
[0.12869991]
[0.12795652]
[0.11934926]
[0.1188218]
[0.11377918]
[0.1133876]
[0.10916681]
[0.10890172]
[0.1065802]
[0.10621458]
[0.09828901]
[0.09738012]
[0.08693221]
[0.08637633]
[0.08682361]
[0.08727696]
[0.08902523]
[0.08929916]
[0.08917108]
[0.08903609]
[0.08875346]
[0.08840623]
[0.0874205]
[0.0873767]
[0.08559797]
[0.08549555]
[0.08375326]
[0.08360909]
[0.08192623]
[0.08159231]
[0.07818457]
[0.07788188]
[0.07549042]
[0.0751989]
[0.1107548]
[0.1108053]
[0.09849581]
[0.09737338]
[0.0866036]
[0.0864643]
[0.0850776]
[0.08489249]
[0.08149332]
[0.08116184]
[0.07752666]
[0.07723681]
[0.07353754]
[0.07334594]
[0.08407974]
[0.08347018]
[0.07713588]
[0.07651053]
[0.07118035]
[0.07084983]
[0.0674056]
[0.06719652]
[0.06448959]
[0.06424171]
[0.06164435]
[0.0615473]
[0.06035974]
[0.06025353]
[0.05845353]
[0.0586433]
[0.06305821]
[0.06353506]
[0.06652617]
[0.06663505]
[0.06844433]
[0.06776488]
[0.05808123]
[0.05743498]
[0.05447782]
[0.05404424]
[0.05453228]
[0.05463013]
[0.05466742]
[0.0547973]
[0.05612907]
[0.05617393]
[0.05532762]
[0.05528278]
[0.05339169]
[0.05323893]
[0.0502313]
[0.05005237]
[0.05132979]
[0.05142679]
[0.04836729]
[0.0479556]
[0.04227796]
[0.04201343]
[0.04003286]
[0.04005919]
[0.04076457]
[0.04069076]
[0.03778699]
[0.03746622]
[0.03221457]
[0.03201497]
[0.02955169]
[0.02992767]
[0.03404088]
[0.03405321]
[0.0348438]
[0.03522777]
[0.04449895]
[0.04482102]
[0.04165162]
[0.04126224]
[0.03734823]
[0.03716187]
[0.03425919]
[0.03404266]
[0.03234914]
[0.03216935]
[0.02985632]
[0.02986339]
[0.03241286]
[0.03275626]
[0.03702416]
[0.03714805]
[0.03914856]
[0.03925223]
[0.03890127]
[0.03872743]
[0.03530547]
[0.03513643]
[0.03273297]
[0.03242161]
[0.0303925]
[0.03052643]
[0.03284916]
[0.03305189]
[0.03204002]
[0.03164017]
[0.02408624]
[0.02345273]
[0.02188991]
[0.02224035]
[0.02717566]
[0.02738359]
[0.02883689]
[0.02888656]
[0.02807048]
[0.0280733]
[0.03009145]
[0.03036625]
[0.03225274]
[0.03218729]
[0.03004054]
[0.02983369]
[0.0268792]
[0.02652245]
[0.02289398]
[0.02283021]
[0.02185901]
[0.02198056]
[0.02279946]
[0.02282771]
[0.02827609]
[0.02904262]
[0.03369066]
[0.03373825]
[0.03328688]
[0.03331049]
[0.03134013]
[0.03107336]
[0.02556901]
[0.02578526]
[0.03029277]
[0.03067351]
[0.03316049]
[0.03319707]
[0.02939187]
[0.02897051]
[0.02130696]
[0.02059431]
[0.01300368]
[0.01248718]
[0.0067395]
[0.00643241]
[0.00762347]
[0.00838551]
[0.02227199]
[0.02297993]
[0.02804596]
[0.02823217]
[0.02986987]
[0.03005873]
[0.0319237]
[0.03189813]
[0.03967747]
[0.04186766]
[0.03206687]
[0.03119862]
[0.02303458]
[0.02279437]
[0.02102738]
[0.02070511]
[0.02018691]
[0.02021533]
[0.02396294]
[0.02418545]
[0.02327915]
[0.02290586]
[0.01957134]
[0.01943006]
[0.01756012]
[0.01726865]
[0.0140583]
[0.0138772]
[0.01266989]
[0.01264536]
[0.01585729]
[0.01662188]
[0.02801926]
[0.02868025]
[0.03089657]
[0.03078925]
[0.02704861]
[0.02666509]
[0.02078314]
[0.02036265]
[0.01601866]
[0.01582726]
[0.01354396]
[0.01338463]
[0.01810215]
[0.01874675]
[0.02351144]
[0.02367359]
[0.02445735]
[0.02455366]
[0.02518274]
[0.02502824]
[0.02263473]
[0.02270202]
[0.02273019]
[0.02269733]
[0.02302803]
[0.02311736]
[0.02555501]
[0.02560489]
[0.02398904]
[0.02377816]
[0.06624506]
[0.09884623]
[0.14528535]
[0.13915981]
[0.08518241]
[0.08481582]
[0.08795632]
[0.08789097]
[0.08240038]
[0.08190551]
[0.0782855]
[0.07812729]
[0.07477504]
[0.07445548]
[0.07202543]
[0.07192509]
[0.06959258]
[0.06932653]
[0.06628596]
[0.06594459]
[0.06573667]
[0.06582067]
[0.06455059]
[0.06440617]
[0.0615075]
[0.06121012]
[0.05644358]
[0.05608791]
[0.10346662]
[0.15185536]
[0.81603783]
[0.8366142]
[0.8681517]
[0.86756325]
[0.80586445]
[0.8001558]
[0.7023607]
[0.6926046]
[0.622649]
[0.6208214]
[0.57093585]
[0.5640761]
[0.46056634]
[0.4527542]
[0.37984255]
[0.37539482]
[0.31905377]
[0.3151676]
[0.2798482]
[0.27787736]
[0.2511248]
[0.24891058]
[0.22819363]
[0.22705026]
[0.21223159]
[0.21108258]
[0.19764586]
[0.19676538]
[0.18690096]
[0.18634628]
[0.17950577]
[0.17897685]
[0.1717254]
[0.17117454]
[0.16343524]
[0.16288336]
[0.15542507]
[0.15494831]
[0.14718176]
[0.14648934]
[0.13939282]
[0.13876827]
[0.13165146]
[0.1312495]
[0.12594174]
[0.1256911]
[0.12340639]
[0.12334594]
[0.12042108]
[0.12019339]
[0.11557214]
[0.11511911]
[0.10945021]
[0.10905137]
[0.10496707]
[0.1047115]
[0.10262729]
[0.10242886]
[0.10139583]
[0.10130319]
[0.09959312]
[0.0993138]
[0.09736399]
[0.09718332]
[0.0938631]
[0.09362508]
[0.09101453]
[0.09073153]
[0.08741558]
[0.08721665]
[0.08420074]
[0.08404648]
[0.08191812]
[0.08202408]
[0.08232786]
[0.0821825]
[0.08113846]
[0.08088876]
[0.0782713]
[0.07802939]
[0.07471431]
[0.07448101]
[0.0721111]
[0.07191273]
[0.06765469]
[0.06742705]
[0.06364609]
[0.06328199]
[0.06361499]
[0.06349836]
[0.05960973]
[0.05930392]
[0.05545712]
[0.05521041]
[0.05242524]
[0.05235564]
[0.0549372]
[0.05528919]
[0.08667979]
[0.08726506]
[0.07619882]
[0.07443251]
[0.06231825]
[0.06213653]
[0.06293]
[0.06294651]
[0.0612746]
[0.06111635]
[0.058146]
[0.05789899]
[0.05504178]
[0.05510511]
[0.05205296]
[0.05185871]
[0.06959503]
[0.08787455]
[0.10273105]
[0.09932514]
[0.07135549]
[0.07132937]
[0.07482144]
[0.07536181]
[0.08236714]
[0.08280493]
[0.08242952]
[0.08202119]
[0.07507355]
[0.07492296]
[0.07728405]
[0.07743227]
[0.07452818]
[0.07420592]
[0.067857]
[0.06706919]
[0.05960066]
[0.05950205]
[0.16109158]
[0.1623046]
[0.27342403]
[0.27111626]
[0.42849422]
[0.441603]
[0.476013]
[0.4762677]
[0.4761187]
[0.47408938]
[0.4106569]
[0.40455434]
[0.33155298]
[0.32627428]
[0.2696667]
[0.26638633]
[0.23502767]
[0.23330148]
[0.21397956]
[0.21271653]
[0.19882612]
[0.19763662]
[0.17701708]
[0.17552958]
[0.17252277]
[0.17209193]
[0.16525005]
[0.1646925]
[0.15948443]
[0.15914007]
[0.1547303]
[0.15440758]
[0.15044226]
[0.15014534]
[0.14703017]
[0.14661579]
[0.1424344]
[0.14217447]
[0.13976835]
[0.1396354]
[0.13557152]
[0.13514896]
[0.13070163]
[0.13036689]
[0.12623481]
[0.12598306]
[0.12365775]
[0.12354611]
[0.12207442]
[0.12172793]
[0.11900032]
[0.11869819]
[0.11316913]
[0.11259893]
[0.10481463]
[0.10404369]
[0.09158946]
[0.09058052]
[0.09086353]
[0.09210292]
[0.1024373]
[0.10263833]
[0.10019733]
[0.10000779]
[0.09855694]
[0.09842153]
[0.09463929]
[0.09425536]
[0.09043472]
[0.09025073]
[0.09255116]
[0.09732778]
[0.09853972]
[0.09766965]
[0.08883002]
[0.08820096]
[0.08382242]
[0.08353948]
[0.07763364]
[0.07695398]
[0.07008327]
[0.06999347]
[0.07666617]
[0.07707505]
[0.07689035]
[0.0769286]
[0.07581823]
[0.07543432]
[0.07067745]
[0.07090561]
[0.07429391]
[0.0744703]
[0.0742838]
[0.07422131]
[0.07241745]
[0.07213421]
[0.06908456]
[0.06893202]
[0.23179546]
[0.26207927]
[0.3714593]
[0.38075498]
[0.4366609]
[0.43499246]
[0.3768137]
[0.37438387]
[0.3389051]
[0.334826]
[0.2760761]
[0.27263993]
[0.24256952]
[0.23978394]
[0.20834367]
[0.20672697]
[0.19110738]
[0.19025062]
[0.18152489]
[0.18081959]
[0.17105813]
[0.17048435]
[0.16513416]
[0.16478871]
[0.15869413]
[0.15827076]
[0.1529427]
[0.15259916]
[0.14857082]
[0.14828591]
[0.14564888]
[0.14559278]
[0.14477311]
[0.14468893]
[0.14222702]
[0.14194715]
[0.13937847]
[0.13917693]
[0.13505185]
[0.13469563]
[0.13098925]
[0.13079143]
[0.12791038]
[0.12777428]
[0.1252872]
[0.12495301]
[0.1215489]
[0.12150924]
[0.12149633]
[0.12142579]
[0.11769152]
[0.11723407]
[0.11284918]
[0.1124571]
[0.10796948]
[0.10786806]
[0.10730852]
[0.10707486]
[0.10026351]
[0.09960178]
[0.0936498]
[0.09354669]
[0.09202794]
[0.09188023]
[0.08943048]
[0.08913225]
[0.08637735]
[0.08620661]
[0.08029434]
[0.0795915]
[0.07411633]
[0.07379676]
[0.07681935]
[0.07781935]
[0.08547859]
[0.08549631]
[0.08218323]
[0.08176306]
[0.07807773]
[0.07797535]
[0.07730827]
[0.07729611]
[0.07704584]
[0.07697333]
[0.07375181]
[0.07328665]
[0.07151192]
[0.07199974]
[0.07802381]
[0.07727399]
[0.06943528]
[0.06914712]
[0.06633461]
[0.06607992]
[0.06179738]
[0.06159696]
[0.08610524]
[0.08582231]
[0.07847017]
[0.07791933]
[0.20649616]
[0.21669427]
[0.22921784]
[0.2316549]
[0.2634881]
[0.26728037]
[0.30877537]
[0.31145462]
[0.4444816]
[0.4634565]
[0.6952481]
[0.7066533]
[0.7744211]
[0.7738008]
[0.719917]
[0.71435183]
[0.63402337]
[0.6285699]
[0.57572997]
[0.57223666]
[0.51321393]
[0.50797033]
[0.4416882]
[0.43701303]
[0.38378483]
[0.37963706]
[0.32984537]
[0.32668984]
[0.2917822]
[0.28940868]
[0.2626012]
[0.26086548]
[0.24271873]
[0.24160266]
[0.22732985]
[0.22625004]
[0.2126969]
[0.21169682]
[0.19859947]
[0.19771405]
[0.18852936]
[0.18805952]
[0.18192893]
[0.18150613]
[0.1754484]
[0.17480193]
[0.19185138]
[0.19686]
[0.17763253]
[0.17634644]
[0.16823621]
[0.1680008]
[0.16414826]
[0.16366945]
[0.1569008]
[0.15638353]
[0.15216774]
[0.15195486]
[0.14998843]
[0.14989628]
[0.14736067]
[0.14741234]
[0.14671187]
[0.14642611]
[0.14215991]
[0.14246327]
[0.16090517]
[0.15957996]
[0.14715602]
[0.1464567]
[0.13815415]
[0.1373548]
[0.13609226]
[0.13644472]
[0.1385705]
[0.13852547]
[0.13686006]
[0.13653728]
[0.13051641]
[0.13012227]
[0.125162]
[0.12471528]
[0.11993538]
[0.11965111]
[0.11379742]
[0.11342444]
[0.10985175]
[0.10955393]
[0.10709055]
[0.10690383]
[0.10386291]
[0.10357258]
[0.09894136]
[0.09867835]
[0.0958701]
[0.09529632]
[0.09347436]
[0.09331176]
[0.0868947]
[0.08667909]
[0.08618163]
[0.08617879]
[0.08690315]
[0.08697014]
[0.08515208]
[0.08485898]
[0.08137651]
[0.08121116]
[0.07729254]
[0.0772281]
[0.07681826]
[0.0767819]
[0.07352545]
[0.07326637]
[0.0728531]
[0.07296747]
[0.07335801]
[0.07325739]
[0.07130918]
[0.0710483]
[0.06730036]
[0.06707307]
[0.06617192]
[0.06610318]
[0.06540825]
[0.06519973]
[0.06123383]
[0.06118827]
[0.06515937]
[0.06542336]
[0.06543221]
[0.06521413]
[0.06267694]
[0.06253411]
[0.06135937]
[0.0613273]
[0.05962873]
[0.05953318]
[0.06020072]
[0.06023664]
[0.0601091]
[0.06017572]
[0.0600898]
[0.06000697]
[0.05766471]
[0.05738818]
[0.05289476]
[0.05287221]
[0.05380243]
[0.05386693]
[0.05251629]
[0.05310355]
[0.08955297]
[0.09015819]
[0.08833209]
[0.08989261]
[0.105029]
[0.10396513]
[0.09174557]
[0.09140444]
[0.11285245]
[0.12520419]
[0.20594126]
[0.21093768]
[0.24072208]
[0.24034864]
[0.22512403]
[0.2232921]
[0.21174069]
[0.21264163]
[0.22550724]
[0.22471678]
[0.20303242]
[0.20130162]
[0.1872015]
[0.18633716]
[0.17453669]
[0.17363642]
[0.16380611]
[0.16322558]
[0.15649979]
[0.15617658]
[0.15305169]
[0.15298806]
[0.15117593]
[0.15092324]
[0.14763014]
[0.14738418]
[0.14325675]
[0.14292105]
[0.13840055]
[0.13812391]
[0.13345553]
[0.13282143]
[0.12652847]
[0.12615798]
[0.1224118]
[0.12222786]
[0.12066272]
[0.1204416]
[0.11983805]
[0.11974263]
[0.11727693]
[0.11701633]
[0.11376658]
[0.11359794]
[0.11166462]
[0.11138616]
[0.10845672]
[0.10811721]
[0.10592751]
[0.10591684]
[0.10543641]
[0.10527314]
[0.10282893]
[0.10265965]
[0.10041343]
[0.10030182]
[0.09913504]
[0.0991153]
[0.10081989]
[0.10063948]
[0.0949115]
[0.09452383]
[0.09206303]
[0.09197605]
[0.09220751]
[0.09223118]
[0.09066081]
[0.09054068]
[0.08941312]
[0.0892395]
[0.0870373]
[0.08721911]
[0.16965309]
[0.17708595]
[0.3018638]
[0.31284583]
[0.39311755]
[0.3951654]
[0.3985021]
[0.39561644]
[0.32936674]
[0.3241024]
[0.27480006]
[0.2720167]
[0.24455918]
[0.2423672]
[0.22384505]
[0.2229455]
[0.21443912]
[0.2138999]
[0.20853244]
[0.20812462]
[0.19993022]
[0.19917591]
[0.18874344]
[0.1879818]
[0.18049799]
[0.18019588]
[0.1705978]
[0.1700599]
[0.16361934]
[0.16321515]
[0.15800267]
[0.15768586]
[0.15220357]
[0.15171948]
[0.14527221]
[0.1447906]
[0.1392437]
[0.13891737]
[0.13451609]
[0.13420385]
[0.13025217]
[0.12993492]
[0.1283627]
[0.1285335]
[0.12948704]
[0.1294672]
[0.12850381]
[0.12826408]
[0.12591453]
[0.12580979]
[0.12341155]
[0.12321816]
[0.12235194]
[0.12210447]
[0.11972828]
[0.11952329]
[0.11087207]
[0.11002709]
[0.10477092]
[0.10485782]
[0.1099854]
[0.11024776]
[0.11066447]
[0.11047316]
[0.10794456]
[0.10766806]
[0.10531982]
[0.10520733]
[0.10334413]
[0.10312834]
[0.09934246]
[0.09929333]
[0.10004959]
[0.10003065]
[0.09736837]
[0.09712198]
[0.09376195]
[0.09361038]
[0.10306534]
[0.10350361]
[0.09453855]
[0.09400097]
[0.09005566]
[0.08976722]
[0.08440416]
[0.08403715]
[0.08062672]
[0.08066601]
[0.09791979]
[0.10228676]
[0.18003148]
[0.17933495]
[0.22142409]
[0.2244199]
[0.24676275]
[0.24551286]
[0.23317142]
[0.23162715]
[0.22042923]
[0.2199279]
[0.20550379]
[0.20374252]
[0.18715014]
[0.18579139]
[0.17125385]
[0.17046045]
[0.15793644]
[0.15694325]
[0.14749347]
[0.14733183]
[0.1446295]
[0.14442989]
[0.14432128]
[0.14447083]
[0.14371528]
[0.1440624]
[0.1385564]
[0.13780385]
[0.13309215]
[0.13355894]
[0.1266228]
[0.12597647]
[0.11959655]
[0.119162]
[0.11276136]
[0.11197306]
[0.10263793]
[0.10220718]
[0.10213698]
[0.10234807]
[0.10247657]
[0.10228139]
[0.09911296]
[0.09887075]
[0.09617816]
[0.09603156]
[0.09346038]
[0.09359516]
[0.09279785]
[0.09264604]
[0.09005968]
[0.08992989]
[0.08865425]
[0.0886005]
[0.08634363]
[0.08617137]
[0.08384807]
[0.08383145]
[0.08177367]
[0.08154921]
[0.08071993]
[0.08092771]
[0.08030459]
[0.08018748]
[0.078462]
[0.07851239]
[0.079059]
[0.07903785]
[0.07700646]
[0.07674752]
[0.0747474]
[0.07492454]
[0.07475042]
[0.07480501]
[0.07551862]
[0.07579864]
[0.07100811]
[0.07065722]
[0.07167212]
[0.07093268]
[0.07030539]
[0.07070731]
[0.10487207]
[0.10352495]
[0.08828604]
[0.08785381]
[0.08731878]
[0.08745271]
[0.08721635]
[0.08706806]
[0.08339005]
[0.08309056]
[0.08100088]
[0.08105326]
[0.08306019]
[0.08321133]
[0.08182845]
[0.0816239]
[0.07923396]
[0.07904369]
[0.07508872]
[0.07501466]
[0.07655364]
[0.07679449]
[0.07714871]
[0.07697325]
[0.07702053]
[0.07733854]
[0.08161817]
[0.08113331]
[0.06754182]
[0.06647312]
[0.06118822]
[0.0614164]
[0.0668921]
[0.06709584]
[0.069106]
[0.06910786]
[0.07026677]
[0.07038637]
[0.07047334]
[0.0705343]
[0.06934295]
[0.06912644]
[0.06547682]
[0.06527511]
[0.09943111]
[0.10313585]
[0.12315798]
[0.1228093]
[0.15905385]
[0.16053636]
[0.19360657]
[0.1988328]
[0.2548018]
[0.25758862]
[0.28943264]
[0.29142356]
[0.33494008]
[0.33839604]
[0.36461487]
[0.36462647]
[0.38089052]
[0.3833816]
[0.3832907]
[0.38229862]
[0.3706144]
[0.36989793]
[0.35299617]
[0.3524358]
[0.32294965]
[0.3205992]
[0.29436156]
[0.29263952]
[0.2716365]
[0.27013755]
[0.25403503]
[0.25279406]
[0.23663543]
[0.23552673]
[0.22383241]
[0.22317581]
[0.21339974]
[0.21261737]
[0.2034488]
[0.20269875]
[0.19179676]
[0.19096978]
[0.18111853]
[0.18043475]
[0.17304505]
[0.17223604]
[0.16119826]
[0.16040702]
[0.15353982]
[0.15334311]
[0.15121041]
[0.1509433]
[0.147271]
[0.14686476]
[0.14206065]
[0.14170454]
[0.13743599]
[0.1372513]
[0.13583986]
[0.13550729]
[0.131433]
[0.1311812]
[0.13090056]
[0.13101783]
[0.17363815]
[0.17549868]
[0.17175925]
[0.17144646]
[0.21850516]
[0.22492336]
[0.3067991]
[0.3119353]
[0.36705542]
[0.3703004]
[0.41252854]
[0.41532165]
[0.44967774]
[0.45058382]
[0.46752805]
[0.4687469]
[0.46661532]
[0.4652358]
[0.44957602]
[0.44849256]
[0.4314115]
[0.42936867]
[0.39880663]
[0.39607197]
[0.35919455]
[0.35638273]
[0.32225436]
[0.31956998]
[0.28986275]
[0.2879927]
[0.26486507]
[0.26341474]
[0.24709232]
[0.24597767]
[0.23172231]
[0.23076905]
[0.21586308]
[0.21464081]
[0.20100628]
[0.20024571]
[0.19134375]
[0.19080926]
[0.18347749]
[0.18287441]
[0.1745467]
[0.17405272]
[0.16797586]
[0.16741066]
[0.16245942]
[0.16221601]
[0.15726465]
[0.15673937]
[0.15081008]
[0.1505272]
[0.14614965]
[0.14576125]
[0.14191969]
[0.141655]
[0.138083]
[0.1378631]
[0.13403076]
[0.13378622]
[0.13352345]
[0.13358907]
[0.1300998]
[0.12961395]
[0.12577425]
[0.12551999]
[0.1240187]
[0.12389]
[0.12122289]
[0.12101424]
[0.11759968]
[0.11746876]
[0.11562575]
[0.11550622]
[0.11547846]
[0.11531577]
[0.11180691]
[0.11137392]
[0.10846677]
[0.10877434]
[0.11211629]
[0.11199006]
[0.10851701]
[0.10823376]
[0.10483824]
[0.10464729]
[0.10336755]
[0.10328156]
[0.10199919]
[0.10169765]
[0.09572892]
[0.09517181]
[0.09213404]
[0.09220465]
[0.09483156]
[0.09490421]
[0.09372963]
[0.09358919]
[0.09176138]
[0.0915624]
[0.0876847]
[0.08744144]
[0.08763283]
[0.08740391]
[0.08382791]
[0.08361925]
[0.0818731]
[0.08190557]
[0.08156577]
[0.08145309]
[0.07941754]
[0.07923103]
[0.07834836]
[0.0781328]
[0.07319638]
[0.07274722]
[0.06774894]
[0.06740353]
[0.06551434]
[0.06549055]
[0.06352726]
[0.063311]
[0.06075393]
[0.06050953]
[0.06028002]
[0.06036726]
[0.06045784]
[0.06056298]
[0.06279493]
[0.06308604]
[0.06936495]
[0.0703678]
[0.07090762]
[0.07050405]
[0.0652728]
[0.06508859]
[0.06520524]
[0.06869496]
[0.12227374]
[0.12254853]
[0.09850583]
[0.0966991]
[0.08059544]
[0.07975591]
[0.07096832]
[0.07053879]
[0.06507395]
[0.06464899]
[0.0605694]
[0.06039066]
[0.06218723]
[0.0620281]
[0.05768762]
[0.05781495]
[0.05708823]
[0.05702286]
[0.06029876]
[0.06057782]
[0.06129671]
[0.06134308]
[0.06083447]
[0.06082213]
[0.0611494]
[0.06123112]
[0.06135183]
[0.06138025]
[0.05979284]
[0.05971758]
[0.05993619]
[0.06005587]
[0.06038777]
[0.06052662]
[0.05968665]
[0.05936804]
[0.05477747]
[0.0545386]
[0.05287004]
[0.05294202]
[0.05456337]
[0.0545609]
[0.05636077]
[0.05650071]
[0.0631995]
[0.06266738]
[0.06032828]
[0.06000333]
[0.05885584]
[0.05871724]
[0.05630209]
[0.05609254]
[0.05451402]
[0.0544278]
[0.05370886]
[0.05370405]
[0.05207287]
[0.05151306]
[0.05355724]
[0.05383531]
[0.05761823]
[0.05776953]
[0.06019471]
[0.06023427]
[0.05907086]
[0.0586935]
[0.04771814]
[0.04671927]
[0.03426808]
[0.03359912]
[0.02944222]
[0.02953552]
[0.05098693]
[0.05280482]
[0.06328552]
[0.06348824]
[0.06499803]
[0.06508109]
[0.08106112]
[0.08276954]
[0.09196629]
[0.09235292]
[0.09587214]
[0.09658219]
[0.09059835]
[0.09009258]
[0.08206677]
[0.08148749]
[0.07738397]
[0.07723769]
[0.07399247]
[0.07358278]
[0.06840709]
[0.06901947]
[0.08648765]
[0.08753203]
[0.09086361]
[0.09078165]
[0.09057924]
[0.09069869]
[0.09180023]
[0.09198309]
[0.09151784]
[0.091337]
[0.08710581]
[0.0868107]
[0.08491676]
[0.08488646]
[0.08454222]
[0.08460645]
[0.08261677]
[0.08240367]
[0.08155489]
[0.08151543]
[0.0811799]
[0.0812558]
[0.08192116]
[0.08170825]
[0.07863191]
[0.07847989]
[0.07735571]
[0.07730738]
[0.07651067]
[0.07650935]
[0.08215026]
[0.08320893]
[0.08293773]
[0.08243021]
[0.07957822]
[0.07964385]
[0.07960871]
[0.07945827]
[0.07710005]
[0.07693654]
[0.07495217]
[0.07486585]
[0.07332508]
[0.07325092]
[0.07419769]
[0.07420863]
[0.07239418]
[0.07215977]
[0.06784357]
[0.0675706]
[0.06744833]
[0.06734525]
[0.06471901]
[0.06449877]
[0.06248984]
[0.0624568]
[0.0617152]
[0.06151328]
[0.05879233]
[0.05880572]
[0.05905723]
[0.05912917]
[0.06095681]
[0.06110651]
[0.05978092]
[0.05959942]
[0.05725055]
[0.05710999]
[0.05695045]
[0.05703746]
[0.05748105]
[0.05751468]
[0.05935893]
[0.05950178]
[0.06072252]
[0.06062167]
[0.05733737]
[0.05701165]
[0.05500051]
[0.05501215]
[0.05450218]
[0.0544427]
[0.06975812]
[0.06855089]
[0.06453495]
[0.06467088]
[0.06794474]
[0.06843912]
[0.07329412]
[0.07328225]
[0.07196923]
[0.07189153]
[0.0693175]
[0.06915478]
[0.06941786]
[0.06932325]
[0.06712053]
[0.06692844]
[0.06538828]
[0.0654044]
[0.06607151]
[0.06605668]
[0.06433438]
[0.06420565]
[0.06366678]
[0.06370796]
[0.06205253]
[0.06184447]
[0.06007215]
[0.05997195]
[0.05770277]
[0.05756972]
[0.05520507]
[0.05494929]
[0.05096754]
[0.05069153]
[0.0500061]
[0.05016301]
[0.0559142]
[0.05648871]
[0.06017685]
[0.06024803]
[0.0602067]
[0.06004855]
[0.05741544]
[0.05723948]
[0.05694612]
[0.05656347]
[0.05972793]
[0.06060321]
[0.06967247]
[0.0694137]
[0.06546418]
[0.0653192]
[0.06418055]
[0.06432644]
[0.06568169]
[0.06558458]
[0.06698702]
[0.06725731]
[0.06575391]
[0.06570902]
[0.06461217]
[0.06453678]
[0.06486318]
[0.06512131]
[0.06698819]
[0.06683934]
[0.06420913]
[0.06406032]
[0.06277262]
[0.06266661]
[0.06100198]
[0.06095432]
[0.06096251]
[0.06079686]
[0.05992242]
[0.05984151]
[0.05849149]
[0.05820072]
[0.05449365]
[0.05436165]
[0.05358009]
[0.05349983]
[0.05373329]
[0.05392233]
[0.05711747]
[0.05748979]
[0.05977535]
[0.05972871]
[0.05454742]
[0.05402628]
[0.04753471]
[0.04710323]
[0.04595159]
[0.04641769]
[0.05510662]
[0.05551234]
[0.05741615]
[0.05737068]
[0.0556483]
[0.05544714]
[0.05448472]
[0.05442648]
[0.05514025]
[0.05562924]
[0.06563601]
[0.06605603]
[0.06943486]
[0.07384809]
[0.07644764]
[0.07550329]
[0.06163787]
[0.06128457]
[0.05989898]
[0.05992644]
